#
#Feature symbol names
#
$0 r6
$1 r12
$2 r10


#
#Feature attribute names
#


#
#Layer features
#
L 2.67 0.72201 2.65001 0.742 0 P 0
L 2.65001 0.742 2.63001 0.72201 0 P 0
L 2.65001 0.70201 2.65001 0.67536 0 P 0
L 2.65001 0.66203 2.65001 0.63537 0 P 0
L 2.65001 0.62204 2.65001 0.59538 0 P 0
L 2.67 0.58205 2.63001 0.58205 0 P 0
L 2.63001 0.58205 2.63001 0.56206 0 P 0
L 2.63001 0.56206 2.63668 0.55539 0 P 0
L 2.63668 0.55539 2.65001 0.55539 0 P 0
L 2.65001 0.55539 2.65667 0.56206 0 P 0
L 2.65667 0.56206 2.65667 0.58205 0 P 0
L 2.63001 0.54206 2.63001 0.52874 0 P 0
L 2.63001 0.52874 2.63001 0.5354 0 P 0
L 2.63001 0.5354 2.67 0.5354 0 P 0
L 2.67 0.5354 2.67 0.54206 0 P 0
L 2.67 0.54206 2.67 0.52874 0 P 0
L 2.67 0.508739 2.63001 0.508739 0 P 0
L 2.63001 0.508739 2.67 0.48208 0 P 0
L 2.67 0.48208 2.63001 0.48208 0 P 0
L 2.67 0.46876 2.67 0.45543 0 P 0
L 2.67 0.45543 2.67 0.46209 0 P 0
L 2.67 0.46209 2.63001 0.46209 0 P 0
L 2.63001 0.46209 2.63668 0.46876 0 P 0
L 2.65001 0.43543 2.65001 0.40877 0 P 0
L 2.65001 0.39544 2.65001 0.36879 0 P 0
L 2.65001 0.35546 2.65001 0.3288 0 P 0
L 2.67 0.31547 2.65001 0.29548 0 P 0
L 2.65001 0.29548 2.63001 0.31547 0 P 0
L 1.85234 0.35765 1.879 0.35765 0 P 0
L 1.879 0.35765 1.879 0.31766 0 P 0
L 1.879 0.31766 1.85234 0.31766 0 P 0
L 1.879 0.33766 1.86567 0.33766 0 P 0
L 1.81236 0.35099 1.81902 0.35765 0 P 0
L 1.81902 0.35765 1.83235 0.35765 0 P 0
L 1.83235 0.35765 1.83901 0.35099 0 P 0
L 1.83901 0.35099 1.83901 0.34432 0 P 0
L 1.83901 0.34432 1.83235 0.33766 0 P 0
L 1.83235 0.33766 1.81902 0.33766 0 P 0
L 1.81902 0.33766 1.81236 0.33099 0 P 0
L 1.81236 0.33099 1.81236 0.32433 0 P 0
L 1.81236 0.32433 1.81902 0.31766 0 P 0
L 1.81902 0.31766 1.83235 0.31766 0 P 0
L 1.83235 0.31766 1.83901 0.32433 0 P 0
L 1.79903 0.31766 1.79903 0.35765 0 P 0
L 1.79903 0.35765 1.77903 0.35765 0 P 0
L 1.77903 0.35765 1.77237 0.35099 0 P 0
L 1.77237 0.35099 1.77237 0.33766 0 P 0
L 1.77237 0.33766 1.77903 0.33099 0 P 0
L 1.77903 0.33099 1.79903 0.33099 0 P 0
L 1.75904 0.35099 1.75237 0.35765 0 P 0
L 1.75237 0.35765 1.73905 0.35765 0 P 0
L 1.73905 0.35765 1.73238 0.35099 0 P 0
L 1.73238 0.35099 1.73238 0.34432 0 P 0
L 1.73238 0.34432 1.73905 0.33766 0 P 0
L 1.73905 0.33766 1.74571 0.33766 0 P 0
L 1.74571 0.33766 1.73905 0.33766 0 P 0
L 1.73905 0.33766 1.73238 0.33099 0 P 0
L 1.73238 0.33099 1.73238 0.32433 0 P 0
L 1.73238 0.32433 1.73905 0.31766 0 P 0
L 1.73905 0.31766 1.75237 0.31766 0 P 0
L 1.75237 0.31766 1.75904 0.32433 0 P 0
L 1.69239 0.31766 1.71905 0.31766 0 P 0
L 1.71905 0.31766 1.69239 0.34432 0 P 0
L 1.69239 0.34432 1.69239 0.35099 0 P 0
L 1.69239 0.35099 1.69906 0.35765 0 P 0
L 1.69906 0.35765 1.71239 0.35765 0 P 0
L 1.71239 0.35765 1.71905 0.35099 0 P 0
L 1.67906 0.311 1.65241 0.311 0 P 0
L 1.63908 0.35765 1.63908 0.31766 0 P 0
L 1.63908 0.31766 1.62575 0.33099 0 P 0
L 1.62575 0.33099 1.61242 0.31766 0 P 0
L 1.61242 0.31766 1.61242 0.35765 0 P 0
L 1.59909 0.35765 1.58576 0.35765 0 P 0
L 1.58576 0.35765 1.59243 0.35765 0 P 0
L 1.59243 0.35765 1.59243 0.31766 0 P 0
L 1.59243 0.31766 1.59909 0.31766 0 P 0
L 1.59909 0.31766 1.58576 0.31766 0 P 0
L 1.56577 0.35765 1.53911 0.35765 0 P 0
L 1.53911 0.35765 1.55244 0.35765 0 P 0
L 1.55244 0.35765 1.55244 0.31766 0 P 0
L 1.52578 0.35765 1.52578 0.31766 0 P 0
L 1.52578 0.31766 1.52578 0.33766 0 P 0
L 1.52578 0.33766 1.49912 0.33766 0 P 0
L 1.49912 0.33766 1.49912 0.35765 0 P 0
L 1.49912 0.35765 1.49912 0.31766 0 P 0
L 1.48579 0.33766 1.45914 0.33766 0 P 0
L 1.44581 0.35765 1.44581 0.32433 0 P 0
L 1.44581 0.32433 1.43914 0.31766 0 P 0
L 1.43914 0.31766 1.42581 0.31766 0 P 0
L 1.42581 0.31766 1.41915 0.32433 0 P 0
L 1.41915 0.32433 1.41915 0.35765 0 P 0
L 1.37916 0.35099 1.38583 0.35765 0 P 0
L 1.38583 0.35765 1.39916 0.35765 0 P 0
L 1.39916 0.35765 1.40582 0.35099 0 P 0
L 1.40582 0.35099 1.40582 0.34432 0 P 0
L 1.40582 0.34432 1.39916 0.33766 0 P 0
L 1.39916 0.33766 1.38583 0.33766 0 P 0
L 1.38583 0.33766 1.37916 0.33099 0 P 0
L 1.37916 0.33099 1.37916 0.32433 0 P 0
L 1.37916 0.32433 1.38583 0.31766 0 P 0
L 1.38583 0.31766 1.39916 0.31766 0 P 0
L 1.39916 0.31766 1.40582 0.32433 0 P 0
L 1.36583 0.35765 1.36583 0.31766 0 P 0
L 1.36583 0.31766 1.34584 0.31766 0 P 0
L 1.34584 0.31766 1.33917 0.32433 0 P 0
L 1.33917 0.32433 1.33917 0.33099 0 P 0
L 1.33917 0.33099 1.34584 0.33766 0 P 0
L 1.34584 0.33766 1.36583 0.33766 0 P 0
L 1.36583 0.33766 1.34584 0.33766 0 P 0
L 1.34584 0.33766 1.33917 0.34432 0 P 0
L 1.33917 0.34432 1.33917 0.35099 0 P 0
L 1.33917 0.35099 1.34584 0.35765 0 P 0
L 1.34584 0.35765 1.36583 0.35765 0 P 0
L 1.32585 0.311 1.29919 0.311 0 P 0
L 1.2592 0.35099 1.26586 0.35765 0 P 0
L 1.26586 0.35765 1.27919 0.35765 0 P 0
L 1.27919 0.35765 1.28586 0.35099 0 P 0
L 1.28586 0.35099 1.28586 0.32433 0 P 0
L 1.28586 0.32433 1.27919 0.31766 0 P 0
L 1.27919 0.31766 1.26586 0.31766 0 P 0
L 1.26586 0.31766 1.2592 0.32433 0 P 0
L 1.83734 0.42932 1.84401 0.43599 0 P 0
L 1.84401 0.43599 1.85733 0.43599 0 P 0
L 1.85733 0.43599 1.864 0.42932 0 P 0
L 1.864 0.42932 1.864 0.40266 0 P 0
L 1.864 0.40266 1.85733 0.396 0 P 0
L 1.85733 0.396 1.84401 0.396 0 P 0
L 1.84401 0.396 1.83734 0.40266 0 P 0
L 1.81068 0.396 1.82401 0.40933 0 P 0
L 1.82401 0.40933 1.82401 0.42266 0 P 0
L 1.82401 0.42266 1.81068 0.43599 0 P 0
L 1.76403 0.396 1.79069 0.396 0 P 0
L 1.79069 0.396 1.76403 0.42266 0 P 0
L 1.76403 0.42266 1.76403 0.42932 0 P 0
L 1.76403 0.42932 1.7707 0.43599 0 P 0
L 1.7707 0.43599 1.78403 0.43599 0 P 0
L 1.78403 0.43599 1.79069 0.42932 0 P 0
L 1.7507 0.42932 1.74404 0.43599 0 P 0
L 1.74404 0.43599 1.73071 0.43599 0 P 0
L 1.73071 0.43599 1.72405 0.42932 0 P 0
L 1.72405 0.42932 1.72405 0.40266 0 P 0
L 1.72405 0.40266 1.73071 0.396 0 P 0
L 1.73071 0.396 1.74404 0.396 0 P 0
L 1.74404 0.396 1.7507 0.40266 0 P 0
L 1.7507 0.40266 1.7507 0.42932 0 P 0
L 1.68406 0.396 1.71072 0.396 0 P 0
L 1.71072 0.396 1.68406 0.42266 0 P 0
L 1.68406 0.42266 1.68406 0.42932 0 P 0
L 1.68406 0.42932 1.69072 0.43599 0 P 0
L 1.69072 0.43599 1.70405 0.43599 0 P 0
L 1.70405 0.43599 1.71072 0.42932 0 P 0
L 1.64407 0.43599 1.67073 0.43599 0 P 0
L 1.67073 0.43599 1.67073 0.41599 0 P 0
L 1.67073 0.41599 1.6574 0.42266 0 P 0
L 1.6574 0.42266 1.65074 0.42266 0 P 0
L 1.65074 0.42266 1.64407 0.41599 0 P 0
L 1.64407 0.41599 1.64407 0.40266 0 P 0
L 1.64407 0.40266 1.65074 0.396 0 P 0
L 1.65074 0.396 1.66406 0.396 0 P 0
L 1.66406 0.396 1.67073 0.40266 0 P 0
L 1.63074 0.396 1.61741 0.40933 0 P 0
L 1.61741 0.40933 1.61741 0.42266 0 P 0
L 1.61741 0.42266 1.63074 0.43599 0 P 0
L 1.55743 0.396 1.55743 0.42266 0 P 0
L 1.55743 0.42266 1.5441 0.43599 0 P 0
L 1.5441 0.43599 1.53077 0.42266 0 P 0
L 1.53077 0.42266 1.53077 0.396 0 P 0
L 1.53077 0.396 1.53077 0.41599 0 P 0
L 1.53077 0.41599 1.55743 0.41599 0 P 0
L 1.51744 0.396 1.51744 0.43599 0 P 0
L 1.51744 0.43599 1.49079 0.396 0 P 0
L 1.49079 0.396 1.49079 0.43599 0 P 0
L 1.47746 0.43599 1.4508 0.43599 0 P 0
L 1.4508 0.43599 1.46413 0.43599 0 P 0
L 1.46413 0.43599 1.46413 0.396 0 P 0
L 1.43747 0.43599 1.43747 0.396 0 P 0
L 1.43747 0.396 1.43747 0.41599 0 P 0
L 1.43747 0.41599 1.41081 0.41599 0 P 0
L 1.41081 0.41599 1.41081 0.43599 0 P 0
L 1.41081 0.43599 1.41081 0.396 0 P 0
L 1.37749 0.43599 1.39082 0.43599 0 P 0
L 1.39082 0.43599 1.39748 0.42932 0 P 0
L 1.39748 0.42932 1.39748 0.40266 0 P 0
L 1.39748 0.40266 1.39082 0.396 0 P 0
L 1.39082 0.396 1.37749 0.396 0 P 0
L 1.37749 0.396 1.37083 0.40266 0 P 0
L 1.37083 0.40266 1.37083 0.42932 0 P 0
L 1.37083 0.42932 1.37749 0.43599 0 P 0
L 1.3575 0.396 1.3575 0.43599 0 P 0
L 1.3575 0.43599 1.33084 0.396 0 P 0
L 1.33084 0.396 1.33084 0.43599 0 P 0
L 1.31751 0.43599 1.31751 0.42932 0 P 0
L 1.31751 0.42932 1.30418 0.41599 0 P 0
L 1.30418 0.41599 1.29085 0.42932 0 P 0
L 1.29085 0.42932 1.29085 0.43599 0 P 0
L 1.30418 0.41599 1.30418 0.396 0 P 0
L 0.33668 0.23834 0.33001 0.24501 0 P 0
L 0.33001 0.24501 0.33001 0.25834 0 P 0
L 0.33001 0.25834 0.33668 0.265 0 P 0
L 0.33668 0.265 0.36334 0.265 0 P 0
L 0.36334 0.265 0.37 0.25834 0 P 0
L 0.37 0.25834 0.37 0.24501 0 P 0
L 0.37 0.24501 0.36334 0.23834 0 P 0
L 0.36334 0.23834 0.35001 0.23834 0 P 0
L 0.35001 0.23834 0.35001 0.25167 0 P 0
L 0.37 0.22501 0.33001 0.22501 0 P 0
L 0.33001 0.22501 0.37 0.19836 0 P 0
L 0.37 0.19836 0.33001 0.19836 0 P 0
L 0.33001 0.18503 0.37 0.18503 0 P 0
L 0.37 0.18503 0.37 0.16503 0 P 0
L 0.37 0.16503 0.36334 0.15837 0 P 0
L 0.36334 0.15837 0.33668 0.15837 0 P 0
L 0.33668 0.15837 0.33001 0.16503 0 P 0
L 0.33001 0.16503 0.33001 0.18503 0 P 0
L 0.43001 0.265 0.43001 0.25167 0 P 0
L 0.43001 0.25167 0.43001 0.25834 0 P 0
L 0.43001 0.25834 0.47 0.25834 0 P 0
L 0.47 0.25834 0.47 0.265 0 P 0
L 0.47 0.265 0.47 0.25167 0 P 0
L 0.43001 0.21168 0.43001 0.22501 0 P 0
L 0.43001 0.22501 0.43668 0.23168 0 P 0
L 0.43668 0.23168 0.46334 0.23168 0 P 0
L 0.46334 0.23168 0.47 0.22501 0 P 0
L 0.47 0.22501 0.47 0.21168 0 P 0
L 0.47 0.21168 0.46334 0.20502 0 P 0
L 0.46334 0.20502 0.43668 0.20502 0 P 0
L 0.43668 0.20502 0.43001 0.21168 0 P 0
L 0.47 0.1717 0.43001 0.1717 0 P 0
L 0.43001 0.1717 0.45001 0.19169 0 P 0
L 0.45001 0.19169 0.45001 0.16503 0 P 0
L 0.43001 0.1517 0.43001 0.12505 0 P 0
L 0.43001 0.12505 0.43668 0.12505 0 P 0
L 0.43668 0.12505 0.46334 0.1517 0 P 0
L 0.46334 0.1517 0.47 0.1517 0 P 0
L 0.53001 0.265 0.53001 0.25167 0 P 0
L 0.53001 0.25167 0.53001 0.25834 0 P 0
L 0.53001 0.25834 0.57 0.25834 0 P 0
L 0.57 0.25834 0.57 0.265 0 P 0
L 0.57 0.265 0.57 0.25167 0 P 0
L 0.53001 0.21168 0.53001 0.22501 0 P 0
L 0.53001 0.22501 0.53668 0.23168 0 P 0
L 0.53668 0.23168 0.56334 0.23168 0 P 0
L 0.56334 0.23168 0.57 0.22501 0 P 0
L 0.57 0.22501 0.57 0.21168 0 P 0
L 0.57 0.21168 0.56334 0.20502 0 P 0
L 0.56334 0.20502 0.53668 0.20502 0 P 0
L 0.53668 0.20502 0.53001 0.21168 0 P 0
L 0.57 0.1717 0.53001 0.1717 0 P 0
L 0.53001 0.1717 0.55001 0.19169 0 P 0
L 0.55001 0.19169 0.55001 0.16503 0 P 0
L 0.53668 0.1517 0.53001 0.14504 0 P 0
L 0.53001 0.14504 0.53001 0.13171 0 P 0
L 0.53001 0.13171 0.53668 0.12505 0 P 0
L 0.53668 0.12505 0.54334 0.12505 0 P 0
L 0.54334 0.12505 0.55001 0.13171 0 P 0
L 0.55001 0.13171 0.55667 0.12505 0 P 0
L 0.55667 0.12505 0.56334 0.12505 0 P 0
L 0.56334 0.12505 0.57 0.13171 0 P 0
L 0.57 0.13171 0.57 0.14504 0 P 0
L 0.57 0.14504 0.56334 0.1517 0 P 0
L 0.56334 0.1517 0.55667 0.1517 0 P 0
L 0.55667 0.1517 0.55001 0.14504 0 P 0
L 0.55001 0.14504 0.54334 0.1517 0 P 0
L 0.54334 0.1517 0.53668 0.1517 0 P 0
L 0.55001 0.14504 0.55001 0.13171 0 P 0
L 0.63001 0.265 0.66334 0.265 0 P 0
L 0.66334 0.265 0.67 0.25834 0 P 0
L 0.67 0.25834 0.67 0.24501 0 P 0
L 0.67 0.24501 0.66334 0.23834 0 P 0
L 0.66334 0.23834 0.63001 0.23834 0 P 0
L 0.63668 0.19836 0.63001 0.20502 0 P 0
L 0.63001 0.20502 0.63001 0.21835 0 P 0
L 0.63001 0.21835 0.63668 0.22501 0 P 0
L 0.63668 0.22501 0.64334 0.22501 0 P 0
L 0.64334 0.22501 0.65001 0.21835 0 P 0
L 0.65001 0.21835 0.65001 0.20502 0 P 0
L 0.65001 0.20502 0.65667 0.19836 0 P 0
L 0.65667 0.19836 0.66334 0.19836 0 P 0
L 0.66334 0.19836 0.67 0.20502 0 P 0
L 0.67 0.20502 0.67 0.21835 0 P 0
L 0.67 0.21835 0.66334 0.22501 0 P 0
L 0.63001 0.18503 0.67 0.18503 0 P 0
L 0.67 0.18503 0.67 0.16503 0 P 0
L 0.67 0.16503 0.66334 0.15837 0 P 0
L 0.66334 0.15837 0.65667 0.15837 0 P 0
L 0.65667 0.15837 0.65001 0.16503 0 P 0
L 0.65001 0.16503 0.65001 0.18503 0 P 0
L 0.65001 0.18503 0.65001 0.16503 0 P 0
L 0.65001 0.16503 0.64334 0.15837 0 P 0
L 0.64334 0.15837 0.63668 0.15837 0 P 0
L 0.63668 0.15837 0.63001 0.16503 0 P 0
L 0.63001 0.16503 0.63001 0.18503 0 P 0
L 0.65001 0.14504 0.65001 0.11838 0 P 0
L 0.83001 0.265 0.83001 0.25167 0 P 0
L 0.83001 0.25167 0.83001 0.25834 0 P 0
L 0.83001 0.25834 0.87 0.25834 0 P 0
L 0.87 0.25834 0.87 0.265 0 P 0
L 0.87 0.265 0.87 0.25167 0 P 0
L 0.83001 0.21168 0.83001 0.22501 0 P 0
L 0.83001 0.22501 0.83668 0.23168 0 P 0
L 0.83668 0.23168 0.86334 0.23168 0 P 0
L 0.86334 0.23168 0.87 0.22501 0 P 0
L 0.87 0.22501 0.87 0.21168 0 P 0
L 0.87 0.21168 0.86334 0.20502 0 P 0
L 0.86334 0.20502 0.83668 0.20502 0 P 0
L 0.83668 0.20502 0.83001 0.21168 0 P 0
L 0.87 0.16503 0.87 0.19169 0 P 0
L 0.87 0.19169 0.84334 0.16503 0 P 0
L 0.84334 0.16503 0.83668 0.16503 0 P 0
L 0.83668 0.16503 0.83001 0.1717 0 P 0
L 0.83001 0.1717 0.83001 0.18503 0 P 0
L 0.83001 0.18503 0.83668 0.19169 0 P 0
L 0.87 0.1517 0.87 0.13837 0 P 0
L 0.87 0.13837 0.87 0.14504 0 P 0
L 0.87 0.14504 0.83001 0.14504 0 P 0
L 0.83001 0.14504 0.83668 0.1517 0 P 0
L 0.93001 0.265 0.93001 0.25167 0 P 0
L 0.93001 0.25167 0.93001 0.25834 0 P 0
L 0.93001 0.25834 0.97 0.25834 0 P 0
L 0.97 0.25834 0.97 0.265 0 P 0
L 0.97 0.265 0.97 0.25167 0 P 0
L 0.93001 0.21168 0.93001 0.22501 0 P 0
L 0.93001 0.22501 0.93668 0.23168 0 P 0
L 0.93668 0.23168 0.96334 0.23168 0 P 0
L 0.96334 0.23168 0.97 0.22501 0 P 0
L 0.97 0.22501 0.97 0.21168 0 P 0
L 0.97 0.21168 0.96334 0.20502 0 P 0
L 0.96334 0.20502 0.93668 0.20502 0 P 0
L 0.93668 0.20502 0.93001 0.21168 0 P 0
L 0.97 0.16503 0.97 0.19169 0 P 0
L 0.97 0.19169 0.94334 0.16503 0 P 0
L 0.94334 0.16503 0.93668 0.16503 0 P 0
L 0.93668 0.16503 0.93001 0.1717 0 P 0
L 0.93001 0.1717 0.93001 0.18503 0 P 0
L 0.93001 0.18503 0.93668 0.19169 0 P 0
L 0.93001 0.12505 0.93668 0.13837 0 P 0
L 0.93668 0.13837 0.95001 0.1517 0 P 0
L 0.95001 0.1517 0.96334 0.1517 0 P 0
L 0.96334 0.1517 0.97 0.14504 0 P 0
L 0.97 0.14504 0.97 0.13171 0 P 0
L 0.97 0.13171 0.96334 0.12505 0 P 0
L 0.96334 0.12505 0.95667 0.12505 0 P 0
L 0.95667 0.12505 0.95001 0.13171 0 P 0
L 0.95001 0.13171 0.95001 0.1517 0 P 0
L 1.03001 0.265 1.03001 0.25167 0 P 0
L 1.03001 0.25167 1.03001 0.25834 0 P 0
L 1.03001 0.25834 1.07 0.25834 0 P 0
L 1.07 0.25834 1.07 0.265 0 P 0
L 1.07 0.265 1.07 0.25167 0 P 0
L 1.03001 0.21168 1.03001 0.22501 0 P 0
L 1.03001 0.22501 1.03668 0.23168 0 P 0
L 1.03668 0.23168 1.06333 0.23168 0 P 0
L 1.06333 0.23168 1.07 0.22501 0 P 0
L 1.07 0.22501 1.07 0.21168 0 P 0
L 1.07 0.21168 1.06333 0.20502 0 P 0
L 1.06333 0.20502 1.03668 0.20502 0 P 0
L 1.03668 0.20502 1.03001 0.21168 0 P 0
L 1.03668 0.19169 1.03001 0.18503 0 P 0
L 1.03001 0.18503 1.03001 0.1717 0 P 0
L 1.03001 0.1717 1.03668 0.16503 0 P 0
L 1.03668 0.16503 1.04334 0.16503 0 P 0
L 1.04334 0.16503 1.05001 0.1717 0 P 0
L 1.05001 0.1717 1.05001 0.17836 0 P 0
L 1.05001 0.17836 1.05001 0.1717 0 P 0
L 1.05001 0.1717 1.05667 0.16503 0 P 0
L 1.05667 0.16503 1.06333 0.16503 0 P 0
L 1.06333 0.16503 1.07 0.1717 0 P 0
L 1.07 0.1717 1.07 0.18503 0 P 0
L 1.07 0.18503 1.06333 0.19169 0 P 0
L 1.03668 0.1517 1.03001 0.14504 0 P 0
L 1.03001 0.14504 1.03001 0.13171 0 P 0
L 1.03001 0.13171 1.03668 0.12505 0 P 0
L 1.03668 0.12505 1.04334 0.12505 0 P 0
L 1.04334 0.12505 1.05001 0.13171 0 P 0
L 1.05001 0.13171 1.05001 0.13837 0 P 0
L 1.05001 0.13837 1.05001 0.13171 0 P 0
L 1.05001 0.13171 1.05667 0.12505 0 P 0
L 1.05667 0.12505 1.06333 0.12505 0 P 0
L 1.06333 0.12505 1.07 0.13171 0 P 0
L 1.07 0.13171 1.07 0.14504 0 P 0
L 1.07 0.14504 1.06333 0.1517 0 P 0
L 1.13001 0.265 1.13001 0.25167 0 P 0
L 1.13001 0.25167 1.13001 0.25834 0 P 0
L 1.13001 0.25834 1.17 0.25834 0 P 0
L 1.17 0.25834 1.17 0.265 0 P 0
L 1.17 0.265 1.17 0.25167 0 P 0
L 1.13001 0.21168 1.13001 0.22501 0 P 0
L 1.13001 0.22501 1.13668 0.23168 0 P 0
L 1.13668 0.23168 1.16333 0.23168 0 P 0
L 1.16333 0.23168 1.17 0.22501 0 P 0
L 1.17 0.22501 1.17 0.21168 0 P 0
L 1.17 0.21168 1.16333 0.20502 0 P 0
L 1.16333 0.20502 1.13668 0.20502 0 P 0
L 1.13668 0.20502 1.13001 0.21168 0 P 0
L 1.13668 0.19169 1.13001 0.18503 0 P 0
L 1.13001 0.18503 1.13001 0.1717 0 P 0
L 1.13001 0.1717 1.13668 0.16503 0 P 0
L 1.13668 0.16503 1.14334 0.16503 0 P 0
L 1.14334 0.16503 1.15001 0.1717 0 P 0
L 1.15001 0.1717 1.15001 0.17836 0 P 0
L 1.15001 0.17836 1.15001 0.1717 0 P 0
L 1.15001 0.1717 1.15667 0.16503 0 P 0
L 1.15667 0.16503 1.16333 0.16503 0 P 0
L 1.16333 0.16503 1.17 0.1717 0 P 0
L 1.17 0.1717 1.17 0.18503 0 P 0
L 1.17 0.18503 1.16333 0.19169 0 P 0
L 1.17 0.13171 1.13001 0.13171 0 P 0
L 1.13001 0.13171 1.15001 0.1517 0 P 0
L 1.15001 0.1517 1.15001 0.12505 0 P 0
L 0.73001 0.265 0.76334 0.265 0 P 0
L 0.76334 0.265 0.77 0.25834 0 P 0
L 0.77 0.25834 0.77 0.24501 0 P 0
L 0.77 0.24501 0.76334 0.23834 0 P 0
L 0.76334 0.23834 0.73001 0.23834 0 P 0
L 0.73668 0.19836 0.73001 0.20502 0 P 0
L 0.73001 0.20502 0.73001 0.21835 0 P 0
L 0.73001 0.21835 0.73668 0.22501 0 P 0
L 0.73668 0.22501 0.74334 0.22501 0 P 0
L 0.74334 0.22501 0.75001 0.21835 0 P 0
L 0.75001 0.21835 0.75001 0.20502 0 P 0
L 0.75001 0.20502 0.75667 0.19836 0 P 0
L 0.75667 0.19836 0.76334 0.19836 0 P 0
L 0.76334 0.19836 0.77 0.20502 0 P 0
L 0.77 0.20502 0.77 0.21835 0 P 0
L 0.77 0.21835 0.76334 0.22501 0 P 0
L 0.73001 0.18503 0.77 0.18503 0 P 0
L 0.77 0.18503 0.77 0.16503 0 P 0
L 0.77 0.16503 0.76334 0.15837 0 P 0
L 0.76334 0.15837 0.75667 0.15837 0 P 0
L 0.75667 0.15837 0.75001 0.16503 0 P 0
L 0.75001 0.16503 0.75001 0.18503 0 P 0
L 0.75001 0.18503 0.75001 0.16503 0 P 0
L 0.75001 0.16503 0.74334 0.15837 0 P 0
L 0.74334 0.15837 0.73668 0.15837 0 P 0
L 0.73668 0.15837 0.73001 0.16503 0 P 0
L 0.73001 0.16503 0.73001 0.18503 0 P 0
L 0.75001 0.14504 0.75001 0.11838 0 P 0
L 0.73668 0.13171 0.76334 0.13171 0 P 0
L 1.33001 0.265 1.33001 0.25167 0 P 0
L 1.33001 0.25167 1.33001 0.25834 0 P 0
L 1.33001 0.25834 1.37 0.25834 0 P 0
L 1.37 0.25834 1.37 0.265 0 P 0
L 1.37 0.265 1.37 0.25167 0 P 0
L 1.33001 0.21168 1.33001 0.22501 0 P 0
L 1.33001 0.22501 1.33668 0.23168 0 P 0
L 1.33668 0.23168 1.36334 0.23168 0 P 0
L 1.36334 0.23168 1.37 0.22501 0 P 0
L 1.37 0.22501 1.37 0.21168 0 P 0
L 1.37 0.21168 1.36334 0.20502 0 P 0
L 1.36334 0.20502 1.33668 0.20502 0 P 0
L 1.33668 0.20502 1.33001 0.21168 0 P 0
L 1.33668 0.19169 1.33001 0.18503 0 P 0
L 1.33001 0.18503 1.33001 0.1717 0 P 0
L 1.33001 0.1717 1.33668 0.16503 0 P 0
L 1.33668 0.16503 1.34334 0.16503 0 P 0
L 1.34334 0.16503 1.35001 0.1717 0 P 0
L 1.35001 0.1717 1.35001 0.17836 0 P 0
L 1.35001 0.17836 1.35001 0.1717 0 P 0
L 1.35001 0.1717 1.35667 0.16503 0 P 0
L 1.35667 0.16503 1.36334 0.16503 0 P 0
L 1.36334 0.16503 1.37 0.1717 0 P 0
L 1.37 0.1717 1.37 0.18503 0 P 0
L 1.37 0.18503 1.36334 0.19169 0 P 0
L 1.33001 0.12505 1.33668 0.13837 0 P 0
L 1.33668 0.13837 1.35001 0.1517 0 P 0
L 1.35001 0.1517 1.36334 0.1517 0 P 0
L 1.36334 0.1517 1.37 0.14504 0 P 0
L 1.37 0.14504 1.37 0.13171 0 P 0
L 1.37 0.13171 1.36334 0.12505 0 P 0
L 1.36334 0.12505 1.35667 0.12505 0 P 0
L 1.35667 0.12505 1.35001 0.13171 0 P 0
L 1.35001 0.13171 1.35001 0.1517 0 P 0
L 1.43001 0.265 1.43001 0.25167 0 P 0
L 1.43001 0.25167 1.43001 0.25834 0 P 0
L 1.43001 0.25834 1.47 0.25834 0 P 0
L 1.47 0.25834 1.47 0.265 0 P 0
L 1.47 0.265 1.47 0.25167 0 P 0
L 1.43001 0.21168 1.43001 0.22501 0 P 0
L 1.43001 0.22501 1.43668 0.23168 0 P 0
L 1.43668 0.23168 1.46334 0.23168 0 P 0
L 1.46334 0.23168 1.47 0.22501 0 P 0
L 1.47 0.22501 1.47 0.21168 0 P 0
L 1.47 0.21168 1.46334 0.20502 0 P 0
L 1.46334 0.20502 1.43668 0.20502 0 P 0
L 1.43668 0.20502 1.43001 0.21168 0 P 0
L 1.43668 0.19169 1.43001 0.18503 0 P 0
L 1.43001 0.18503 1.43001 0.1717 0 P 0
L 1.43001 0.1717 1.43668 0.16503 0 P 0
L 1.43668 0.16503 1.44334 0.16503 0 P 0
L 1.44334 0.16503 1.45001 0.1717 0 P 0
L 1.45001 0.1717 1.45001 0.17836 0 P 0
L 1.45001 0.17836 1.45001 0.1717 0 P 0
L 1.45001 0.1717 1.45667 0.16503 0 P 0
L 1.45667 0.16503 1.46334 0.16503 0 P 0
L 1.46334 0.16503 1.47 0.1717 0 P 0
L 1.47 0.1717 1.47 0.18503 0 P 0
L 1.47 0.18503 1.46334 0.19169 0 P 0
L 1.43001 0.1517 1.43001 0.12505 0 P 0
L 1.43001 0.12505 1.43668 0.12505 0 P 0
L 1.43668 0.12505 1.46334 0.1517 0 P 0
L 1.46334 0.1517 1.47 0.1517 0 P 0
L 1.53001 0.265 1.53001 0.25167 0 P 0
L 1.53001 0.25167 1.53001 0.25834 0 P 0
L 1.53001 0.25834 1.57 0.25834 0 P 0
L 1.57 0.25834 1.57 0.265 0 P 0
L 1.57 0.265 1.57 0.25167 0 P 0
L 1.53001 0.21168 1.53001 0.22501 0 P 0
L 1.53001 0.22501 1.53668 0.23168 0 P 0
L 1.53668 0.23168 1.56333 0.23168 0 P 0
L 1.56333 0.23168 1.57 0.22501 0 P 0
L 1.57 0.22501 1.57 0.21168 0 P 0
L 1.57 0.21168 1.56333 0.20502 0 P 0
L 1.56333 0.20502 1.53668 0.20502 0 P 0
L 1.53668 0.20502 1.53001 0.21168 0 P 0
L 1.53668 0.19169 1.53001 0.18503 0 P 0
L 1.53001 0.18503 1.53001 0.1717 0 P 0
L 1.53001 0.1717 1.53668 0.16503 0 P 0
L 1.53668 0.16503 1.54334 0.16503 0 P 0
L 1.54334 0.16503 1.55001 0.1717 0 P 0
L 1.55001 0.1717 1.55001 0.17836 0 P 0
L 1.55001 0.17836 1.55001 0.1717 0 P 0
L 1.55001 0.1717 1.55667 0.16503 0 P 0
L 1.55667 0.16503 1.56333 0.16503 0 P 0
L 1.56333 0.16503 1.57 0.1717 0 P 0
L 1.57 0.1717 1.57 0.18503 0 P 0
L 1.57 0.18503 1.56333 0.19169 0 P 0
L 1.53668 0.1517 1.53001 0.14504 0 P 0
L 1.53001 0.14504 1.53001 0.13171 0 P 0
L 1.53001 0.13171 1.53668 0.12505 0 P 0
L 1.53668 0.12505 1.54334 0.12505 0 P 0
L 1.54334 0.12505 1.55001 0.13171 0 P 0
L 1.55001 0.13171 1.55667 0.12505 0 P 0
L 1.55667 0.12505 1.56333 0.12505 0 P 0
L 1.56333 0.12505 1.57 0.13171 0 P 0
L 1.57 0.13171 1.57 0.14504 0 P 0
L 1.57 0.14504 1.56333 0.1517 0 P 0
L 1.56333 0.1517 1.55667 0.1517 0 P 0
L 1.55667 0.1517 1.55001 0.14504 0 P 0
L 1.55001 0.14504 1.54334 0.1517 0 P 0
L 1.54334 0.1517 1.53668 0.1517 0 P 0
L 1.55001 0.14504 1.55001 0.13171 0 P 0
L 1.63001 0.265 1.63001 0.25167 0 P 0
L 1.63001 0.25167 1.63001 0.25834 0 P 0
L 1.63001 0.25834 1.67 0.25834 0 P 0
L 1.67 0.25834 1.67 0.265 0 P 0
L 1.67 0.265 1.67 0.25167 0 P 0
L 1.63001 0.21168 1.63001 0.22501 0 P 0
L 1.63001 0.22501 1.63668 0.23168 0 P 0
L 1.63668 0.23168 1.66333 0.23168 0 P 0
L 1.66333 0.23168 1.67 0.22501 0 P 0
L 1.67 0.22501 1.67 0.21168 0 P 0
L 1.67 0.21168 1.66333 0.20502 0 P 0
L 1.66333 0.20502 1.63668 0.20502 0 P 0
L 1.63668 0.20502 1.63001 0.21168 0 P 0
L 1.63668 0.19169 1.63001 0.18503 0 P 0
L 1.63001 0.18503 1.63001 0.1717 0 P 0
L 1.63001 0.1717 1.63668 0.16503 0 P 0
L 1.63668 0.16503 1.64334 0.16503 0 P 0
L 1.64334 0.16503 1.65001 0.1717 0 P 0
L 1.65001 0.1717 1.65001 0.17836 0 P 0
L 1.65001 0.17836 1.65001 0.1717 0 P 0
L 1.65001 0.1717 1.65667 0.16503 0 P 0
L 1.65667 0.16503 1.66333 0.16503 0 P 0
L 1.66333 0.16503 1.67 0.1717 0 P 0
L 1.67 0.1717 1.67 0.18503 0 P 0
L 1.67 0.18503 1.66333 0.19169 0 P 0
L 1.66333 0.1517 1.67 0.14504 0 P 0
L 1.67 0.14504 1.67 0.13171 0 P 0
L 1.67 0.13171 1.66333 0.12505 0 P 0
L 1.66333 0.12505 1.63668 0.12505 0 P 0
L 1.63668 0.12505 1.63001 0.13171 0 P 0
L 1.63001 0.13171 1.63001 0.14504 0 P 0
L 1.63001 0.14504 1.63668 0.1517 0 P 0
L 1.63668 0.1517 1.64334 0.1517 0 P 0
L 1.64334 0.1517 1.65001 0.14504 0 P 0
L 1.65001 0.14504 1.65001 0.12505 0 P 0
L 1.23001 0.265 1.23001 0.25167 0 P 0
L 1.23001 0.25167 1.23001 0.25834 0 P 0
L 1.23001 0.25834 1.27 0.25834 0 P 0
L 1.27 0.25834 1.27 0.265 0 P 0
L 1.27 0.265 1.27 0.25167 0 P 0
L 1.23001 0.21168 1.23001 0.22501 0 P 0
L 1.23001 0.22501 1.23668 0.23168 0 P 0
L 1.23668 0.23168 1.26333 0.23168 0 P 0
L 1.26333 0.23168 1.27 0.22501 0 P 0
L 1.27 0.22501 1.27 0.21168 0 P 0
L 1.27 0.21168 1.26333 0.20502 0 P 0
L 1.26333 0.20502 1.23668 0.20502 0 P 0
L 1.23668 0.20502 1.23001 0.21168 0 P 0
L 1.23668 0.19169 1.23001 0.18503 0 P 0
L 1.23001 0.18503 1.23001 0.1717 0 P 0
L 1.23001 0.1717 1.23668 0.16503 0 P 0
L 1.23668 0.16503 1.24334 0.16503 0 P 0
L 1.24334 0.16503 1.25001 0.1717 0 P 0
L 1.25001 0.1717 1.25001 0.17836 0 P 0
L 1.25001 0.17836 1.25001 0.1717 0 P 0
L 1.25001 0.1717 1.25667 0.16503 0 P 0
L 1.25667 0.16503 1.26333 0.16503 0 P 0
L 1.26333 0.16503 1.27 0.1717 0 P 0
L 1.27 0.1717 1.27 0.18503 0 P 0
L 1.27 0.18503 1.26333 0.19169 0 P 0
L 1.23001 0.12505 1.23001 0.1517 0 P 0
L 1.23001 0.1517 1.25001 0.1517 0 P 0
L 1.25001 0.1517 1.24334 0.13837 0 P 0
L 1.24334 0.13837 1.24334 0.13171 0 P 0
L 1.24334 0.13171 1.25001 0.12505 0 P 0
L 1.25001 0.12505 1.26333 0.12505 0 P 0
L 1.26333 0.12505 1.27 0.13171 0 P 0
L 1.27 0.13171 1.27 0.14504 0 P 0
L 1.27 0.14504 1.26333 0.1517 0 P 0
L 1.83001 0.265 1.83001 0.25167 0 P 0
L 1.83001 0.25167 1.83001 0.25834 0 P 0
L 1.83001 0.25834 1.87 0.25834 0 P 0
L 1.87 0.25834 1.87 0.265 0 P 0
L 1.87 0.265 1.87 0.25167 0 P 0
L 1.83001 0.21168 1.83001 0.22501 0 P 0
L 1.83001 0.22501 1.83668 0.23168 0 P 0
L 1.83668 0.23168 1.86334 0.23168 0 P 0
L 1.86334 0.23168 1.87 0.22501 0 P 0
L 1.87 0.22501 1.87 0.21168 0 P 0
L 1.87 0.21168 1.86334 0.20502 0 P 0
L 1.86334 0.20502 1.83668 0.20502 0 P 0
L 1.83668 0.20502 1.83001 0.21168 0 P 0
L 1.87 0.1717 1.83001 0.1717 0 P 0
L 1.83001 0.1717 1.85001 0.19169 0 P 0
L 1.85001 0.19169 1.85001 0.16503 0 P 0
L 1.87 0.1517 1.87 0.13837 0 P 0
L 1.87 0.13837 1.87 0.14504 0 P 0
L 1.87 0.14504 1.83001 0.14504 0 P 0
L 1.83001 0.14504 1.83668 0.1517 0 P 0
L 1.93001 0.265 1.93001 0.25167 0 P 0
L 1.93001 0.25167 1.93001 0.25834 0 P 0
L 1.93001 0.25834 1.97 0.25834 0 P 0
L 1.97 0.25834 1.97 0.265 0 P 0
L 1.97 0.265 1.97 0.25167 0 P 0
L 1.93001 0.21168 1.93001 0.22501 0 P 0
L 1.93001 0.22501 1.93668 0.23168 0 P 0
L 1.93668 0.23168 1.96334 0.23168 0 P 0
L 1.96334 0.23168 1.97 0.22501 0 P 0
L 1.97 0.22501 1.97 0.21168 0 P 0
L 1.97 0.21168 1.96334 0.20502 0 P 0
L 1.96334 0.20502 1.93668 0.20502 0 P 0
L 1.93668 0.20502 1.93001 0.21168 0 P 0
L 1.97 0.1717 1.93001 0.1717 0 P 0
L 1.93001 0.1717 1.95001 0.19169 0 P 0
L 1.95001 0.19169 1.95001 0.16503 0 P 0
L 1.97 0.12505 1.97 0.1517 0 P 0
L 1.97 0.1517 1.94334 0.12505 0 P 0
L 1.94334 0.12505 1.93668 0.12505 0 P 0
L 1.93668 0.12505 1.93001 0.13171 0 P 0
L 1.93001 0.13171 1.93001 0.14504 0 P 0
L 1.93001 0.14504 1.93668 0.1517 0 P 0
L 2.03001 0.265 2.03001 0.23834 0 P 0
L 2.03001 0.23834 2.03001 0.25167 0 P 0
L 2.03001 0.25167 2.07 0.25167 0 P 0
L 2.03001 0.22501 2.07 0.19836 0 P 0
L 2.03001 0.19836 2.07 0.22501 0 P 0
L 2.03001 0.18503 2.07 0.18503 0 P 0
L 2.07 0.18503 2.07 0.16503 0 P 0
L 2.07 0.16503 2.06334 0.15837 0 P 0
L 2.06334 0.15837 2.03668 0.15837 0 P 0
L 2.03668 0.15837 2.03001 0.16503 0 P 0
L 2.03001 0.16503 2.03001 0.18503 0 P 0
L 2.17 0.265 2.13001 0.265 0 P 0
L 2.13001 0.265 2.13001 0.24501 0 P 0
L 2.13001 0.24501 2.13668 0.23834 0 P 0
L 2.13668 0.23834 2.15001 0.23834 0 P 0
L 2.15001 0.23834 2.15667 0.24501 0 P 0
L 2.15667 0.24501 2.15667 0.265 0 P 0
L 2.15667 0.25167 2.17 0.23834 0 P 0
L 2.13001 0.22501 2.17 0.19836 0 P 0
L 2.13001 0.19836 2.17 0.22501 0 P 0
L 2.13001 0.18503 2.17 0.18503 0 P 0
L 2.17 0.18503 2.17 0.16503 0 P 0
L 2.17 0.16503 2.16334 0.15837 0 P 0
L 2.16334 0.15837 2.13668 0.15837 0 P 0
L 2.13668 0.15837 2.13001 0.16503 0 P 0
L 2.13001 0.16503 2.13001 0.18503 0 P 0
L 1.73001 0.265 1.73001 0.25167 0 P 0
L 1.73001 0.25167 1.73001 0.25834 0 P 0
L 1.73001 0.25834 1.77 0.25834 0 P 0
L 1.77 0.25834 1.77 0.265 0 P 0
L 1.77 0.265 1.77 0.25167 0 P 0
L 1.73001 0.21168 1.73001 0.22501 0 P 0
L 1.73001 0.22501 1.73668 0.23168 0 P 0
L 1.73668 0.23168 1.76333 0.23168 0 P 0
L 1.76333 0.23168 1.77 0.22501 0 P 0
L 1.77 0.22501 1.77 0.21168 0 P 0
L 1.77 0.21168 1.76333 0.20502 0 P 0
L 1.76333 0.20502 1.73668 0.20502 0 P 0
L 1.73668 0.20502 1.73001 0.21168 0 P 0
L 1.77 0.1717 1.73001 0.1717 0 P 0
L 1.73001 0.1717 1.75001 0.19169 0 P 0
L 1.75001 0.19169 1.75001 0.16503 0 P 0
L 1.73668 0.1517 1.73001 0.14504 0 P 0
L 1.73001 0.14504 1.73001 0.13171 0 P 0
L 1.73001 0.13171 1.73668 0.12505 0 P 0
L 1.73668 0.12505 1.76333 0.12505 0 P 0
L 1.76333 0.12505 1.77 0.13171 0 P 0
L 1.77 0.13171 1.77 0.14504 0 P 0
L 1.77 0.14504 1.76333 0.1517 0 P 0
L 1.76333 0.1517 1.73668 0.1517 0 P 0
L 2.23001 0.265 2.23001 0.25167 0 P 0
L 2.23001 0.25167 2.23001 0.25834 0 P 0
L 2.23001 0.25834 2.27 0.25834 0 P 0
L 2.27 0.25834 2.27 0.265 0 P 0
L 2.27 0.265 2.27 0.25167 0 P 0
L 2.23001 0.21168 2.23001 0.22501 0 P 0
L 2.23001 0.22501 2.23668 0.23168 0 P 0
L 2.23668 0.23168 2.26334 0.23168 0 P 0
L 2.26334 0.23168 2.27 0.22501 0 P 0
L 2.27 0.22501 2.27 0.21168 0 P 0
L 2.27 0.21168 2.26334 0.20502 0 P 0
L 2.26334 0.20502 2.23668 0.20502 0 P 0
L 2.23668 0.20502 2.23001 0.21168 0 P 0
L 2.27 0.1717 2.23001 0.1717 0 P 0
L 2.23001 0.1717 2.25001 0.19169 0 P 0
L 2.25001 0.19169 2.25001 0.16503 0 P 0
L 2.23001 0.12505 2.23001 0.1517 0 P 0
L 2.23001 0.1517 2.25001 0.1517 0 P 0
L 2.25001 0.1517 2.24334 0.13837 0 P 0
L 2.24334 0.13837 2.24334 0.13171 0 P 0
L 2.24334 0.13171 2.25001 0.12505 0 P 0
L 2.25001 0.12505 2.26334 0.12505 0 P 0
L 2.26334 0.12505 2.27 0.13171 0 P 0
L 2.27 0.13171 2.27 0.14504 0 P 0
L 2.27 0.14504 2.26334 0.1517 0 P 0
L 2.63668 0.265 2.63001 0.25834 0 P 0
L 2.63001 0.25834 2.63001 0.24501 0 P 0
L 2.63001 0.24501 2.63668 0.23834 0 P 0
L 2.63668 0.23834 2.64334 0.23834 0 P 0
L 2.64334 0.23834 2.65001 0.24501 0 P 0
L 2.65001 0.24501 2.65001 0.25167 0 P 0
L 2.65001 0.25167 2.65001 0.24501 0 P 0
L 2.65001 0.24501 2.65667 0.23834 0 P 0
L 2.65667 0.23834 2.66334 0.23834 0 P 0
L 2.66334 0.23834 2.67 0.24501 0 P 0
L 2.67 0.24501 2.67 0.25834 0 P 0
L 2.67 0.25834 2.66334 0.265 0 P 0
L 2.63001 0.22501 2.65667 0.22501 0 P 0
L 2.65667 0.22501 2.67 0.21168 0 P 0
L 2.67 0.21168 2.65667 0.19836 0 P 0
L 2.65667 0.19836 2.63001 0.19836 0 P 0
L 2.63668 0.18503 2.63001 0.17836 0 P 0
L 2.63001 0.17836 2.63001 0.16503 0 P 0
L 2.63001 0.16503 2.63668 0.15837 0 P 0
L 2.63668 0.15837 2.64334 0.15837 0 P 0
L 2.64334 0.15837 2.65001 0.16503 0 P 0
L 2.65001 0.16503 2.65001 0.1717 0 P 0
L 2.65001 0.1717 2.65001 0.16503 0 P 0
L 2.65001 0.16503 2.65667 0.15837 0 P 0
L 2.65667 0.15837 2.66334 0.15837 0 P 0
L 2.66334 0.15837 2.67 0.16503 0 P 0
L 2.67 0.16503 2.67 0.17836 0 P 0
L 2.67 0.17836 2.66334 0.18503 0 P 0
L 2.53668 0.23834 2.53001 0.24501 0 P 0
L 2.53001 0.24501 2.53001 0.25834 0 P 0
L 2.53001 0.25834 2.53668 0.265 0 P 0
L 2.53668 0.265 2.56334 0.265 0 P 0
L 2.56334 0.265 2.57 0.25834 0 P 0
L 2.57 0.25834 2.57 0.24501 0 P 0
L 2.57 0.24501 2.56334 0.23834 0 P 0
L 2.56334 0.23834 2.55001 0.23834 0 P 0
L 2.55001 0.23834 2.55001 0.25167 0 P 0
L 2.57 0.22501 2.53001 0.22501 0 P 0
L 2.53001 0.22501 2.57 0.19836 0 P 0
L 2.57 0.19836 2.53001 0.19836 0 P 0
L 2.53001 0.18503 2.57 0.18503 0 P 0
L 2.57 0.18503 2.57 0.16503 0 P 0
L 2.57 0.16503 2.56334 0.15837 0 P 0
L 2.56334 0.15837 2.53668 0.15837 0 P 0
L 2.53668 0.15837 2.53001 0.16503 0 P 0
L 2.53001 0.16503 2.53001 0.18503 0 P 0
L 2.43001 0.23834 2.43001 0.265 0 P 0
L 2.43001 0.265 2.47 0.265 0 P 0
L 2.47 0.265 2.47 0.23834 0 P 0
L 2.45001 0.265 2.45001 0.25167 0 P 0
L 2.47 0.22501 2.43001 0.22501 0 P 0
L 2.43001 0.22501 2.47 0.19836 0 P 0
L 2.47 0.19836 2.43001 0.19836 0 P 0
L 2.33001 0.265 2.33001 0.25167 0 P 0
L 2.33001 0.25167 2.33001 0.25834 0 P 0
L 2.33001 0.25834 2.37 0.25834 0 P 0
L 2.37 0.25834 2.37 0.265 0 P 0
L 2.37 0.265 2.37 0.25167 0 P 0
L 2.33001 0.21168 2.33001 0.22501 0 P 0
L 2.33001 0.22501 2.33668 0.23168 0 P 0
L 2.33668 0.23168 2.36334 0.23168 0 P 0
L 2.36334 0.23168 2.37 0.22501 0 P 0
L 2.37 0.22501 2.37 0.21168 0 P 0
L 2.37 0.21168 2.36334 0.20502 0 P 0
L 2.36334 0.20502 2.33668 0.20502 0 P 0
L 2.33668 0.20502 2.33001 0.21168 0 P 0
L 2.37 0.1717 2.33001 0.1717 0 P 0
L 2.33001 0.1717 2.35001 0.19169 0 P 0
L 2.35001 0.19169 2.35001 0.16503 0 P 0
L 2.33001 0.12505 2.33668 0.13837 0 P 0
L 2.33668 0.13837 2.35001 0.1517 0 P 0
L 2.35001 0.1517 2.36334 0.1517 0 P 0
L 2.36334 0.1517 2.37 0.14504 0 P 0
L 2.37 0.14504 2.37 0.13171 0 P 0
L 2.37 0.13171 2.36334 0.12505 0 P 0
L 2.36334 0.12505 2.35667 0.12505 0 P 0
L 2.35667 0.12505 2.35001 0.13171 0 P 0
L 2.35001 0.13171 2.35001 0.1517 0 P 0
L 2.53668 0.879 2.53001 0.87234 0 P 0
L 2.53001 0.87234 2.53001 0.85901 0 P 0
L 2.53001 0.85901 2.53668 0.85234 0 P 0
L 2.53668 0.85234 2.54334 0.85234 0 P 0
L 2.54334 0.85234 2.55001 0.85901 0 P 0
L 2.55001 0.85901 2.55001 0.86567 0 P 0
L 2.55001 0.86567 2.55001 0.85901 0 P 0
L 2.55001 0.85901 2.55667 0.85234 0 P 0
L 2.55667 0.85234 2.56334 0.85234 0 P 0
L 2.56334 0.85234 2.57 0.85901 0 P 0
L 2.57 0.85901 2.57 0.87234 0 P 0
L 2.57 0.87234 2.56334 0.879 0 P 0
L 2.53001 0.83901 2.55667 0.83901 0 P 0
L 2.55667 0.83901 2.57 0.82568 0 P 0
L 2.57 0.82568 2.55667 0.81235 0 P 0
L 2.55667 0.81235 2.53001 0.81235 0 P 0
L 2.53668 0.79903 2.53001 0.79236 0 P 0
L 2.53001 0.79236 2.53001 0.77903 0 P 0
L 2.53001 0.77903 2.53668 0.77237 0 P 0
L 2.53668 0.77237 2.54334 0.77237 0 P 0
L 2.54334 0.77237 2.55001 0.77903 0 P 0
L 2.55001 0.77903 2.55001 0.7857 0 P 0
L 2.55001 0.7857 2.55001 0.77903 0 P 0
L 2.55001 0.77903 2.55667 0.77237 0 P 0
L 2.55667 0.77237 2.56334 0.77237 0 P 0
L 2.56334 0.77237 2.57 0.77903 0 P 0
L 2.57 0.77903 2.57 0.79236 0 P 0
L 2.57 0.79236 2.56334 0.79903 0 P 0
L 1.33668 0.879 1.33001 0.87234 0 P 0
L 1.33001 0.87234 1.33001 0.85901 0 P 0
L 1.33001 0.85901 1.33668 0.85234 0 P 0
L 1.33668 0.85234 1.36334 0.85234 0 P 0
L 1.36334 0.85234 1.37 0.85901 0 P 0
L 1.37 0.85901 1.37 0.87234 0 P 0
L 1.37 0.87234 1.36334 0.879 0 P 0
L 1.36334 0.879 1.33668 0.879 0 P 0
L 1.37 0.83901 1.37 0.82568 0 P 0
L 1.37 0.82568 1.37 0.83235 0 P 0
L 1.37 0.83235 1.33001 0.83235 0 P 0
L 1.33001 0.83235 1.33668 0.83901 0 P 0
L 1.37 0.80569 1.37 0.79236 0 P 0
L 1.37 0.79236 1.37 0.79903 0 P 0
L 1.37 0.79903 1.33001 0.79903 0 P 0
L 1.33001 0.79903 1.33668 0.80569 0 P 0
L 1.23668 0.879 1.23001 0.87234 0 P 0
L 1.23001 0.87234 1.23001 0.85901 0 P 0
L 1.23001 0.85901 1.23668 0.85234 0 P 0
L 1.23668 0.85234 1.26333 0.85234 0 P 0
L 1.26333 0.85234 1.27 0.85901 0 P 0
L 1.27 0.85901 1.27 0.87234 0 P 0
L 1.27 0.87234 1.26333 0.879 0 P 0
L 1.26333 0.879 1.23668 0.879 0 P 0
L 1.27 0.83901 1.27 0.82568 0 P 0
L 1.27 0.82568 1.27 0.83235 0 P 0
L 1.27 0.83235 1.23001 0.83235 0 P 0
L 1.23001 0.83235 1.23668 0.83901 0 P 0
L 1.27 0.77903 1.27 0.80569 0 P 0
L 1.27 0.80569 1.24334 0.77903 0 P 0
L 1.24334 0.77903 1.23668 0.77903 0 P 0
L 1.23668 0.77903 1.23001 0.7857 0 P 0
L 1.23001 0.7857 1.23001 0.79903 0 P 0
L 1.23001 0.79903 1.23668 0.80569 0 P 0
L 1.13668 0.879 1.13001 0.87234 0 P 0
L 1.13001 0.87234 1.13001 0.85901 0 P 0
L 1.13001 0.85901 1.13668 0.85234 0 P 0
L 1.13668 0.85234 1.16333 0.85234 0 P 0
L 1.16333 0.85234 1.17 0.85901 0 P 0
L 1.17 0.85901 1.17 0.87234 0 P 0
L 1.17 0.87234 1.16333 0.879 0 P 0
L 1.16333 0.879 1.13668 0.879 0 P 0
L 1.17 0.83901 1.17 0.82568 0 P 0
L 1.17 0.82568 1.17 0.83235 0 P 0
L 1.17 0.83235 1.13001 0.83235 0 P 0
L 1.13001 0.83235 1.13668 0.83901 0 P 0
L 1.13668 0.80569 1.13001 0.79903 0 P 0
L 1.13001 0.79903 1.13001 0.7857 0 P 0
L 1.13001 0.7857 1.13668 0.77903 0 P 0
L 1.13668 0.77903 1.14334 0.77903 0 P 0
L 1.14334 0.77903 1.15001 0.7857 0 P 0
L 1.15001 0.7857 1.15001 0.79236 0 P 0
L 1.15001 0.79236 1.15001 0.7857 0 P 0
L 1.15001 0.7857 1.15667 0.77903 0 P 0
L 1.15667 0.77903 1.16333 0.77903 0 P 0
L 1.16333 0.77903 1.17 0.7857 0 P 0
L 1.17 0.7857 1.17 0.79903 0 P 0
L 1.17 0.79903 1.16333 0.80569 0 P 0
L 1.03668 0.879 1.03001 0.87234 0 P 0
L 1.03001 0.87234 1.03001 0.85901 0 P 0
L 1.03001 0.85901 1.03668 0.85234 0 P 0
L 1.03668 0.85234 1.06333 0.85234 0 P 0
L 1.06333 0.85234 1.07 0.85901 0 P 0
L 1.07 0.85901 1.07 0.87234 0 P 0
L 1.07 0.87234 1.06333 0.879 0 P 0
L 1.06333 0.879 1.03668 0.879 0 P 0
L 1.07 0.83901 1.07 0.82568 0 P 0
L 1.07 0.82568 1.07 0.83235 0 P 0
L 1.07 0.83235 1.03001 0.83235 0 P 0
L 1.03001 0.83235 1.03668 0.83901 0 P 0
L 1.07 0.7857 1.03001 0.7857 0 P 0
L 1.03001 0.7857 1.05001 0.80569 0 P 0
L 1.05001 0.80569 1.05001 0.77903 0 P 0
L 0.93668 0.879 0.93001 0.87234 0 P 0
L 0.93001 0.87234 0.93001 0.85901 0 P 0
L 0.93001 0.85901 0.93668 0.85234 0 P 0
L 0.93668 0.85234 0.96334 0.85234 0 P 0
L 0.96334 0.85234 0.97 0.85901 0 P 0
L 0.97 0.85901 0.97 0.87234 0 P 0
L 0.97 0.87234 0.96334 0.879 0 P 0
L 0.96334 0.879 0.93668 0.879 0 P 0
L 0.97 0.83901 0.97 0.82568 0 P 0
L 0.97 0.82568 0.97 0.83235 0 P 0
L 0.97 0.83235 0.93001 0.83235 0 P 0
L 0.93001 0.83235 0.93668 0.83901 0 P 0
L 0.93001 0.77903 0.93001 0.80569 0 P 0
L 0.93001 0.80569 0.95001 0.80569 0 P 0
L 0.95001 0.80569 0.94334 0.79236 0 P 0
L 0.94334 0.79236 0.94334 0.7857 0 P 0
L 0.94334 0.7857 0.95001 0.77903 0 P 0
L 0.95001 0.77903 0.96334 0.77903 0 P 0
L 0.96334 0.77903 0.97 0.7857 0 P 0
L 0.97 0.7857 0.97 0.79903 0 P 0
L 0.97 0.79903 0.96334 0.80569 0 P 0
L 0.83668 0.879 0.83001 0.87234 0 P 0
L 0.83001 0.87234 0.83001 0.85901 0 P 0
L 0.83001 0.85901 0.83668 0.85234 0 P 0
L 0.83668 0.85234 0.86334 0.85234 0 P 0
L 0.86334 0.85234 0.87 0.85901 0 P 0
L 0.87 0.85901 0.87 0.87234 0 P 0
L 0.87 0.87234 0.86334 0.879 0 P 0
L 0.86334 0.879 0.83668 0.879 0 P 0
L 0.87 0.83901 0.87 0.82568 0 P 0
L 0.87 0.82568 0.87 0.83235 0 P 0
L 0.87 0.83235 0.83001 0.83235 0 P 0
L 0.83001 0.83235 0.83668 0.83901 0 P 0
L 0.83001 0.77903 0.83668 0.79236 0 P 0
L 0.83668 0.79236 0.85001 0.80569 0 P 0
L 0.85001 0.80569 0.86334 0.80569 0 P 0
L 0.86334 0.80569 0.87 0.79903 0 P 0
L 0.87 0.79903 0.87 0.7857 0 P 0
L 0.87 0.7857 0.86334 0.77903 0 P 0
L 0.86334 0.77903 0.85667 0.77903 0 P 0
L 0.85667 0.77903 0.85001 0.7857 0 P 0
L 0.85001 0.7857 0.85001 0.80569 0 P 0
L 0.73668 0.879 0.73001 0.87234 0 P 0
L 0.73001 0.87234 0.73001 0.85901 0 P 0
L 0.73001 0.85901 0.73668 0.85234 0 P 0
L 0.73668 0.85234 0.76334 0.85234 0 P 0
L 0.76334 0.85234 0.77 0.85901 0 P 0
L 0.77 0.85901 0.77 0.87234 0 P 0
L 0.77 0.87234 0.76334 0.879 0 P 0
L 0.76334 0.879 0.73668 0.879 0 P 0
L 0.77 0.83901 0.77 0.82568 0 P 0
L 0.77 0.82568 0.77 0.83235 0 P 0
L 0.77 0.83235 0.73001 0.83235 0 P 0
L 0.73001 0.83235 0.73668 0.83901 0 P 0
L 0.73001 0.80569 0.73001 0.77903 0 P 0
L 0.73001 0.77903 0.73668 0.77903 0 P 0
L 0.73668 0.77903 0.76334 0.80569 0 P 0
L 0.76334 0.80569 0.77 0.80569 0 P 0
L 0.63668 0.879 0.63001 0.87234 0 P 0
L 0.63001 0.87234 0.63001 0.85901 0 P 0
L 0.63001 0.85901 0.63668 0.85234 0 P 0
L 0.63668 0.85234 0.66334 0.85234 0 P 0
L 0.66334 0.85234 0.67 0.85901 0 P 0
L 0.67 0.85901 0.67 0.87234 0 P 0
L 0.67 0.87234 0.66334 0.879 0 P 0
L 0.66334 0.879 0.63668 0.879 0 P 0
L 0.67 0.83901 0.67 0.82568 0 P 0
L 0.67 0.82568 0.67 0.83235 0 P 0
L 0.67 0.83235 0.63001 0.83235 0 P 0
L 0.63001 0.83235 0.63668 0.83901 0 P 0
L 0.63668 0.80569 0.63001 0.79903 0 P 0
L 0.63001 0.79903 0.63001 0.7857 0 P 0
L 0.63001 0.7857 0.63668 0.77903 0 P 0
L 0.63668 0.77903 0.64334 0.77903 0 P 0
L 0.64334 0.77903 0.65001 0.7857 0 P 0
L 0.65001 0.7857 0.65667 0.77903 0 P 0
L 0.65667 0.77903 0.66334 0.77903 0 P 0
L 0.66334 0.77903 0.67 0.7857 0 P 0
L 0.67 0.7857 0.67 0.79903 0 P 0
L 0.67 0.79903 0.66334 0.80569 0 P 0
L 0.66334 0.80569 0.65667 0.80569 0 P 0
L 0.65667 0.80569 0.65001 0.79903 0 P 0
L 0.65001 0.79903 0.64334 0.80569 0 P 0
L 0.64334 0.80569 0.63668 0.80569 0 P 0
L 0.65001 0.79903 0.65001 0.7857 0 P 0
L 0.53001 0.85234 0.53001 0.879 0 P 0
L 0.53001 0.879 0.55001 0.879 0 P 0
L 0.55001 0.879 0.54334 0.86567 0 P 0
L 0.54334 0.86567 0.54334 0.85901 0 P 0
L 0.54334 0.85901 0.55001 0.85234 0 P 0
L 0.55001 0.85234 0.56334 0.85234 0 P 0
L 0.56334 0.85234 0.57 0.85901 0 P 0
L 0.57 0.85901 0.57 0.87234 0 P 0
L 0.57 0.87234 0.56334 0.879 0 P 0
L 0.53001 0.83901 0.55667 0.83901 0 P 0
L 0.55667 0.83901 0.57 0.82568 0 P 0
L 0.57 0.82568 0.55667 0.81235 0 P 0
L 0.55667 0.81235 0.53001 0.81235 0 P 0
L 0.43668 0.85234 0.43001 0.85901 0 P 0
L 0.43001 0.85901 0.43001 0.87234 0 P 0
L 0.43001 0.87234 0.43668 0.879 0 P 0
L 0.43668 0.879 0.46334 0.879 0 P 0
L 0.46334 0.879 0.47 0.87234 0 P 0
L 0.47 0.87234 0.47 0.85901 0 P 0
L 0.47 0.85901 0.46334 0.85234 0 P 0
L 0.46334 0.85234 0.45001 0.85234 0 P 0
L 0.45001 0.85234 0.45001 0.86567 0 P 0
L 0.47 0.83901 0.43001 0.83901 0 P 0
L 0.43001 0.83901 0.47 0.81235 0 P 0
L 0.47 0.81235 0.43001 0.81235 0 P 0
L 0.43001 0.79903 0.47 0.79903 0 P 0
L 0.47 0.79903 0.47 0.77903 0 P 0
L 0.47 0.77903 0.46334 0.77237 0 P 0
L 0.46334 0.77237 0.43668 0.77237 0 P 0
L 0.43668 0.77237 0.43001 0.77903 0 P 0
L 0.43001 0.77903 0.43001 0.79903 0 P 0
L 0.37 0.879 0.33001 0.879 0 P 0
L 0.33001 0.879 0.37 0.85234 0 P 0
L 0.37 0.85234 0.33001 0.85234 0 P 0
L 0.33668 0.81235 0.33001 0.81902 0 P 0
L 0.33001 0.81902 0.33001 0.83235 0 P 0
L 0.33001 0.83235 0.33668 0.83901 0 P 0
L 0.33668 0.83901 0.36334 0.83901 0 P 0
L 0.36334 0.83901 0.37 0.83235 0 P 0
L 0.37 0.83235 0.37 0.81902 0 P 0
L 0.37 0.81902 0.36334 0.81235 0 P 0
L 1.43001 0.85901 1.43001 0.87234 0 P 0
L 1.43001 0.87234 1.43668 0.879 0 P 0
L 1.43668 0.879 1.46334 0.879 0 P 0
L 1.46334 0.879 1.47 0.87234 0 P 0
L 1.47 0.87234 1.47 0.85901 0 P 0
L 1.47 0.85901 1.46334 0.85234 0 P 0
L 1.46334 0.85234 1.43668 0.85234 0 P 0
L 1.43668 0.85234 1.43001 0.85901 0 P 0
L 1.47 0.83901 1.47 0.82568 0 P 0
L 1.47 0.82568 1.47 0.83235 0 P 0
L 1.47 0.83235 1.43001 0.83235 0 P 0
L 1.43001 0.83235 1.43668 0.83901 0 P 0
L 1.43668 0.80569 1.43001 0.79903 0 P 0
L 1.43001 0.79903 1.43001 0.7857 0 P 0
L 1.43001 0.7857 1.43668 0.77903 0 P 0
L 1.43668 0.77903 1.46334 0.77903 0 P 0
L 1.46334 0.77903 1.47 0.7857 0 P 0
L 1.47 0.7857 1.47 0.79903 0 P 0
L 1.47 0.79903 1.46334 0.80569 0 P 0
L 1.46334 0.80569 1.43668 0.80569 0 P 0
L 1.57 0.879 1.57 0.86567 0 P 0
L 1.57 0.86567 1.57 0.87234 0 P 0
L 1.57 0.87234 1.53001 0.87234 0 P 0
L 1.53001 0.87234 1.53668 0.879 0 P 0
L 1.53668 0.84568 1.53001 0.83901 0 P 0
L 1.53001 0.83901 1.53001 0.82568 0 P 0
L 1.53001 0.82568 1.53668 0.81902 0 P 0
L 1.53668 0.81902 1.56333 0.81902 0 P 0
L 1.56333 0.81902 1.57 0.82568 0 P 0
L 1.57 0.82568 1.57 0.83901 0 P 0
L 1.57 0.83901 1.56333 0.84568 0 P 0
L 1.56333 0.84568 1.53668 0.84568 0 P 0
L 1.56333 0.80569 1.57 0.79903 0 P 0
L 1.57 0.79903 1.57 0.7857 0 P 0
L 1.57 0.7857 1.56333 0.77903 0 P 0
L 1.56333 0.77903 1.53668 0.77903 0 P 0
L 1.53668 0.77903 1.53001 0.7857 0 P 0
L 1.53001 0.7857 1.53001 0.79903 0 P 0
L 1.53001 0.79903 1.53668 0.80569 0 P 0
L 1.53668 0.80569 1.54334 0.80569 0 P 0
L 1.54334 0.80569 1.55001 0.79903 0 P 0
L 1.55001 0.79903 1.55001 0.77903 0 P 0
L 1.67 0.879 1.67 0.86567 0 P 0
L 1.67 0.86567 1.67 0.87234 0 P 0
L 1.67 0.87234 1.63001 0.87234 0 P 0
L 1.63001 0.87234 1.63668 0.879 0 P 0
L 1.63668 0.84568 1.63001 0.83901 0 P 0
L 1.63001 0.83901 1.63001 0.82568 0 P 0
L 1.63001 0.82568 1.63668 0.81902 0 P 0
L 1.63668 0.81902 1.66333 0.81902 0 P 0
L 1.66333 0.81902 1.67 0.82568 0 P 0
L 1.67 0.82568 1.67 0.83901 0 P 0
L 1.67 0.83901 1.66333 0.84568 0 P 0
L 1.66333 0.84568 1.63668 0.84568 0 P 0
L 1.63668 0.80569 1.63001 0.79903 0 P 0
L 1.63001 0.79903 1.63001 0.7857 0 P 0
L 1.63001 0.7857 1.63668 0.77903 0 P 0
L 1.63668 0.77903 1.64334 0.77903 0 P 0
L 1.64334 0.77903 1.65001 0.7857 0 P 0
L 1.65001 0.7857 1.65667 0.77903 0 P 0
L 1.65667 0.77903 1.66333 0.77903 0 P 0
L 1.66333 0.77903 1.67 0.7857 0 P 0
L 1.67 0.7857 1.67 0.79903 0 P 0
L 1.67 0.79903 1.66333 0.80569 0 P 0
L 1.66333 0.80569 1.65667 0.80569 0 P 0
L 1.65667 0.80569 1.65001 0.79903 0 P 0
L 1.65001 0.79903 1.64334 0.80569 0 P 0
L 1.64334 0.80569 1.63668 0.80569 0 P 0
L 1.65001 0.79903 1.65001 0.7857 0 P 0
L 1.77 0.879 1.77 0.86567 0 P 0
L 1.77 0.86567 1.77 0.87234 0 P 0
L 1.77 0.87234 1.73001 0.87234 0 P 0
L 1.73001 0.87234 1.73668 0.879 0 P 0
L 1.73668 0.84568 1.73001 0.83901 0 P 0
L 1.73001 0.83901 1.73001 0.82568 0 P 0
L 1.73001 0.82568 1.73668 0.81902 0 P 0
L 1.73668 0.81902 1.76333 0.81902 0 P 0
L 1.76333 0.81902 1.77 0.82568 0 P 0
L 1.77 0.82568 1.77 0.83901 0 P 0
L 1.77 0.83901 1.76333 0.84568 0 P 0
L 1.76333 0.84568 1.73668 0.84568 0 P 0
L 1.73001 0.80569 1.73001 0.77903 0 P 0
L 1.73001 0.77903 1.73668 0.77903 0 P 0
L 1.73668 0.77903 1.76333 0.80569 0 P 0
L 1.76333 0.80569 1.77 0.80569 0 P 0
L 1.87 0.879 1.87 0.86567 0 P 0
L 1.87 0.86567 1.87 0.87234 0 P 0
L 1.87 0.87234 1.83001 0.87234 0 P 0
L 1.83001 0.87234 1.83668 0.879 0 P 0
L 1.83668 0.84568 1.83001 0.83901 0 P 0
L 1.83001 0.83901 1.83001 0.82568 0 P 0
L 1.83001 0.82568 1.83668 0.81902 0 P 0
L 1.83668 0.81902 1.86334 0.81902 0 P 0
L 1.86334 0.81902 1.87 0.82568 0 P 0
L 1.87 0.82568 1.87 0.83901 0 P 0
L 1.87 0.83901 1.86334 0.84568 0 P 0
L 1.86334 0.84568 1.83668 0.84568 0 P 0
L 1.83001 0.77903 1.83668 0.79236 0 P 0
L 1.83668 0.79236 1.85001 0.80569 0 P 0
L 1.85001 0.80569 1.86334 0.80569 0 P 0
L 1.86334 0.80569 1.87 0.79903 0 P 0
L 1.87 0.79903 1.87 0.7857 0 P 0
L 1.87 0.7857 1.86334 0.77903 0 P 0
L 1.86334 0.77903 1.85667 0.77903 0 P 0
L 1.85667 0.77903 1.85001 0.7857 0 P 0
L 1.85001 0.7857 1.85001 0.80569 0 P 0
L 1.97 0.879 1.97 0.86567 0 P 0
L 1.97 0.86567 1.97 0.87234 0 P 0
L 1.97 0.87234 1.93001 0.87234 0 P 0
L 1.93001 0.87234 1.93668 0.879 0 P 0
L 1.93668 0.84568 1.93001 0.83901 0 P 0
L 1.93001 0.83901 1.93001 0.82568 0 P 0
L 1.93001 0.82568 1.93668 0.81902 0 P 0
L 1.93668 0.81902 1.96334 0.81902 0 P 0
L 1.96334 0.81902 1.97 0.82568 0 P 0
L 1.97 0.82568 1.97 0.83901 0 P 0
L 1.97 0.83901 1.96334 0.84568 0 P 0
L 1.96334 0.84568 1.93668 0.84568 0 P 0
L 1.93001 0.77903 1.93001 0.80569 0 P 0
L 1.93001 0.80569 1.95001 0.80569 0 P 0
L 1.95001 0.80569 1.94334 0.79236 0 P 0
L 1.94334 0.79236 1.94334 0.7857 0 P 0
L 1.94334 0.7857 1.95001 0.77903 0 P 0
L 1.95001 0.77903 1.96334 0.77903 0 P 0
L 1.96334 0.77903 1.97 0.7857 0 P 0
L 1.97 0.7857 1.97 0.79903 0 P 0
L 1.97 0.79903 1.96334 0.80569 0 P 0
L 2.07 0.879 2.07 0.86567 0 P 0
L 2.07 0.86567 2.07 0.87234 0 P 0
L 2.07 0.87234 2.03001 0.87234 0 P 0
L 2.03001 0.87234 2.03668 0.879 0 P 0
L 2.03668 0.84568 2.03001 0.83901 0 P 0
L 2.03001 0.83901 2.03001 0.82568 0 P 0
L 2.03001 0.82568 2.03668 0.81902 0 P 0
L 2.03668 0.81902 2.06334 0.81902 0 P 0
L 2.06334 0.81902 2.07 0.82568 0 P 0
L 2.07 0.82568 2.07 0.83901 0 P 0
L 2.07 0.83901 2.06334 0.84568 0 P 0
L 2.06334 0.84568 2.03668 0.84568 0 P 0
L 2.07 0.7857 2.03001 0.7857 0 P 0
L 2.03001 0.7857 2.05001 0.80569 0 P 0
L 2.05001 0.80569 2.05001 0.77903 0 P 0
L 2.13001 0.879 2.13001 0.86567 0 P 0
L 2.13001 0.86567 2.13001 0.87234 0 P 0
L 2.13001 0.87234 2.17 0.87234 0 P 0
L 2.17 0.87234 2.17 0.879 0 P 0
L 2.17 0.879 2.17 0.86567 0 P 0
L 2.13001 0.82568 2.13001 0.83901 0 P 0
L 2.13001 0.83901 2.13668 0.84568 0 P 0
L 2.13668 0.84568 2.16334 0.84568 0 P 0
L 2.16334 0.84568 2.17 0.83901 0 P 0
L 2.17 0.83901 2.17 0.82568 0 P 0
L 2.17 0.82568 2.16334 0.81902 0 P 0
L 2.16334 0.81902 2.13668 0.81902 0 P 0
L 2.13668 0.81902 2.13001 0.82568 0 P 0
L 2.13668 0.80569 2.13001 0.79903 0 P 0
L 2.13001 0.79903 2.13001 0.7857 0 P 0
L 2.13001 0.7857 2.13668 0.77903 0 P 0
L 2.13668 0.77903 2.14334 0.77903 0 P 0
L 2.14334 0.77903 2.15001 0.7857 0 P 0
L 2.15001 0.7857 2.15001 0.79236 0 P 0
L 2.15001 0.79236 2.15001 0.7857 0 P 0
L 2.15001 0.7857 2.15667 0.77903 0 P 0
L 2.15667 0.77903 2.16334 0.77903 0 P 0
L 2.16334 0.77903 2.17 0.7857 0 P 0
L 2.17 0.7857 2.17 0.79903 0 P 0
L 2.17 0.79903 2.16334 0.80569 0 P 0
L 2.23001 0.879 2.23001 0.86567 0 P 0
L 2.23001 0.86567 2.23001 0.87234 0 P 0
L 2.23001 0.87234 2.27 0.87234 0 P 0
L 2.27 0.87234 2.27 0.879 0 P 0
L 2.27 0.879 2.27 0.86567 0 P 0
L 2.23668 0.84568 2.23001 0.83901 0 P 0
L 2.23001 0.83901 2.23001 0.82568 0 P 0
L 2.23001 0.82568 2.23668 0.81902 0 P 0
L 2.23668 0.81902 2.26334 0.81902 0 P 0
L 2.26334 0.81902 2.27 0.82568 0 P 0
L 2.27 0.82568 2.27 0.83901 0 P 0
L 2.27 0.83901 2.26334 0.84568 0 P 0
L 2.26334 0.84568 2.23668 0.84568 0 P 0
L 2.27 0.77903 2.27 0.80569 0 P 0
L 2.27 0.80569 2.24334 0.77903 0 P 0
L 2.24334 0.77903 2.23668 0.77903 0 P 0
L 2.23668 0.77903 2.23001 0.7857 0 P 0
L 2.23001 0.7857 2.23001 0.79903 0 P 0
L 2.23001 0.79903 2.23668 0.80569 0 P 0
L 2.33001 0.879 2.33001 0.86567 0 P 0
L 2.33001 0.86567 2.33001 0.87234 0 P 0
L 2.33001 0.87234 2.37 0.87234 0 P 0
L 2.37 0.87234 2.37 0.879 0 P 0
L 2.37 0.879 2.37 0.86567 0 P 0
L 2.33668 0.84568 2.33001 0.83901 0 P 0
L 2.33001 0.83901 2.33001 0.82568 0 P 0
L 2.33001 0.82568 2.33668 0.81902 0 P 0
L 2.33668 0.81902 2.36334 0.81902 0 P 0
L 2.36334 0.81902 2.37 0.82568 0 P 0
L 2.37 0.82568 2.37 0.83901 0 P 0
L 2.37 0.83901 2.36334 0.84568 0 P 0
L 2.36334 0.84568 2.33668 0.84568 0 P 0
L 2.37 0.80569 2.37 0.79236 0 P 0
L 2.37 0.79236 2.37 0.79903 0 P 0
L 2.37 0.79903 2.33001 0.79903 0 P 0
L 2.33001 0.79903 2.33668 0.80569 0 P 0
L 2.43001 0.879 2.43001 0.86567 0 P 0
L 2.43001 0.86567 2.43001 0.87234 0 P 0
L 2.43001 0.87234 2.47 0.87234 0 P 0
L 2.47 0.87234 2.47 0.879 0 P 0
L 2.47 0.879 2.47 0.86567 0 P 0
L 2.43668 0.84568 2.43001 0.83901 0 P 0
L 2.43001 0.83901 2.43001 0.82568 0 P 0
L 2.43001 0.82568 2.43668 0.81902 0 P 0
L 2.43668 0.81902 2.46334 0.81902 0 P 0
L 2.46334 0.81902 2.47 0.82568 0 P 0
L 2.47 0.82568 2.47 0.83901 0 P 0
L 2.47 0.83901 2.46334 0.84568 0 P 0
L 2.46334 0.84568 2.43668 0.84568 0 P 0
L 2.43668 0.80569 2.43001 0.79903 0 P 0
L 2.43001 0.79903 2.43001 0.7857 0 P 0
L 2.43001 0.7857 2.43668 0.77903 0 P 0
L 2.43668 0.77903 2.46334 0.77903 0 P 0
L 2.46334 0.77903 2.47 0.7857 0 P 0
L 2.47 0.7857 2.47 0.79903 0 P 0
L 2.47 0.79903 2.46334 0.80569 0 P 0
L 2.46334 0.80569 2.43668 0.80569 0 P 0
L 2.63668 0.85234 2.63001 0.85901 0 P 0
L 2.63001 0.85901 2.63001 0.87234 0 P 0
L 2.63001 0.87234 2.63668 0.879 0 P 0
L 2.63668 0.879 2.66334 0.879 0 P 0
L 2.66334 0.879 2.67 0.87234 0 P 0
L 2.67 0.87234 2.67 0.85901 0 P 0
L 2.67 0.85901 2.66334 0.85234 0 P 0
L 2.66334 0.85234 2.65001 0.85234 0 P 0
L 2.65001 0.85234 2.65001 0.86567 0 P 0
L 2.67 0.83901 2.63001 0.83901 0 P 0
L 2.63001 0.83901 2.67 0.81235 0 P 0
L 2.67 0.81235 2.63001 0.81235 0 P 0
L 2.63001 0.79903 2.67 0.79903 0 P 0
L 2.67 0.79903 2.67 0.77903 0 P 0
L 2.67 0.77903 2.66334 0.77237 0 P 0
L 2.66334 0.77237 2.63668 0.77237 0 P 0
L 2.63668 0.77237 2.63001 0.77903 0 P 0
L 2.63001 0.77903 2.63001 0.79903 0 P 0
L 2.238 0.637 2.238 0.70698 1 P 0
L 2.238 0.70698 2.21467 0.68365 1 P 0
L 2.21467 0.68365 2.19135 0.70698 1 P 0
L 2.19135 0.70698 2.19135 0.637 1 P 0
L 2.16802 0.637 2.16802 0.68365 1 P 0
L 2.16802 0.68365 2.1447 0.70698 1 P 0
L 2.1447 0.70698 2.12137 0.68365 1 P 0
L 2.12137 0.68365 2.12137 0.637 1 P 0
L 2.12137 0.637 2.12137 0.67199 1 P 0
L 2.12137 0.67199 2.16802 0.67199 1 P 0
L 2.09805 0.70698 2.09805 0.637 1 P 0
L 2.09805 0.637 2.06306 0.637 1 P 0
L 2.06306 0.637 2.05139 0.64866 1 P 0
L 2.05139 0.64866 2.05139 0.69531 1 P 0
L 2.05139 0.69531 2.06306 0.70698 1 P 0
L 2.06306 0.70698 2.09805 0.70698 1 P 0
L 1.98142 0.70698 2.02807 0.70698 1 P 0
L 2.02807 0.70698 2.02807 0.637 1 P 0
L 2.02807 0.637 1.98142 0.637 1 P 0
L 2.02807 0.67199 2.00474 0.67199 1 P 0
L 1.88811 0.70698 1.86479 0.70698 1 P 0
L 1.86479 0.70698 1.87645 0.70698 1 P 0
L 1.87645 0.70698 1.87645 0.637 1 P 0
L 1.87645 0.637 1.88811 0.637 1 P 0
L 1.88811 0.637 1.86479 0.637 1 P 0
L 1.8298 0.637 1.8298 0.70698 1 P 0
L 1.8298 0.70698 1.78315 0.637 1 P 0
L 1.78315 0.637 1.78315 0.70698 1 P 0
L 1.64319 0.69531 1.65486 0.70698 1 P 0
L 1.65486 0.70698 1.67818 0.70698 1 P 0
L 1.67818 0.70698 1.68984 0.69531 1 P 0
L 1.68984 0.69531 1.68984 0.68365 1 P 0
L 1.68984 0.68365 1.67818 0.67199 1 P 0
L 1.67818 0.67199 1.65486 0.67199 1 P 0
L 1.65486 0.67199 1.64319 0.66033 1 P 0
L 1.64319 0.66033 1.64319 0.64866 1 P 0
L 1.64319 0.64866 1.65486 0.637 1 P 0
L 1.65486 0.637 1.67818 0.637 1 P 0
L 1.67818 0.637 1.68984 0.64866 1 P 0
L 1.61987 0.637 1.61987 0.70698 1 P 0
L 1.61987 0.70698 1.58488 0.70698 1 P 0
L 1.58488 0.70698 1.57322 0.69531 1 P 0
L 1.57322 0.69531 1.57322 0.67199 1 P 0
L 1.57322 0.67199 1.58488 0.66033 1 P 0
L 1.58488 0.66033 1.61987 0.66033 1 P 0
L 1.54989 0.637 1.54989 0.68365 1 P 0
L 1.54989 0.68365 1.52656 0.70698 1 P 0
L 1.52656 0.70698 1.50324 0.68365 1 P 0
L 1.50324 0.68365 1.50324 0.637 1 P 0
L 1.50324 0.637 1.50324 0.67199 1 P 0
L 1.50324 0.67199 1.54989 0.67199 1 P 0
L 1.47991 0.70698 1.45659 0.70698 1 P 0
L 1.45659 0.70698 1.46825 0.70698 1 P 0
L 1.46825 0.70698 1.46825 0.637 1 P 0
L 1.46825 0.637 1.47991 0.637 1 P 0
L 1.47991 0.637 1.45659 0.637 1 P 0
L 1.4216 0.637 1.4216 0.70698 1 P 0
L 1.4216 0.70698 1.37495 0.637 1 P 0
L 1.37495 0.637 1.37495 0.70698 1 P 0
L 1.28164 0.637 1.28164 0.68365 1 P 0
L 1.28164 0.68365 1.25832 0.70698 1 P 0
L 1.25832 0.70698 1.23499 0.68365 1 P 0
L 1.23499 0.68365 1.23499 0.637 1 P 0
L 1.23499 0.637 1.23499 0.67199 1 P 0
L 1.23499 0.67199 1.28164 0.67199 1 P 0
L 1.21167 0.637 1.21167 0.70698 1 P 0
L 1.21167 0.70698 1.16501 0.637 1 P 0
L 1.16501 0.637 1.16501 0.70698 1 P 0
L 1.14169 0.70698 1.14169 0.637 1 P 0
L 1.14169 0.637 1.1067 0.637 1 P 0
L 1.1067 0.637 1.09504 0.64866 1 P 0
L 1.09504 0.64866 1.09504 0.69531 1 P 0
L 1.09504 0.69531 1.1067 0.70698 1 P 0
L 1.1067 0.70698 1.14169 0.70698 1 P 0
L 1.00173 0.70698 1.00173 0.637 1 P 0
L 1.00173 0.637 1.00173 0.66033 1 P 0
L 1.00173 0.66033 0.95508 0.70698 1 P 0
L 0.95508 0.70698 0.99007 0.67199 1 P 0
L 0.99007 0.67199 0.95508 0.637 1 P 0
L 0.8851 0.70698 0.93176 0.70698 1 P 0
L 0.93176 0.70698 0.93176 0.637 1 P 0
L 0.93176 0.637 0.8851 0.637 1 P 0
L 0.93176 0.67199 0.90843 0.67199 1 P 0
L 0.86178 0.637 0.86178 0.70698 1 P 0
L 0.86178 0.70698 0.81513 0.637 1 P 0
L 0.81513 0.637 0.81513 0.70698 1 P 0
L 0.7918 0.70698 0.7918 0.69531 1 P 0
L 0.7918 0.69531 0.76847 0.67199 1 P 0
L 0.76847 0.67199 0.74515 0.69531 1 P 0
L 0.74515 0.69531 0.74515 0.70698 1 P 0
L 0.76847 0.67199 0.76847 0.637 1 P 0
L 0.72182 0.637 0.72182 0.68365 1 P 0
L 0.72182 0.68365 0.6985 0.70698 1 P 0
L 0.6985 0.70698 0.67517 0.68365 1 P 0
L 0.67517 0.68365 0.67517 0.637 1 P 0
L 0.67517 0.637 0.67517 0.67199 1 P 0
L 0.67517 0.67199 0.72182 0.67199 1 P 0
L 2.338 0.60698 2.338 0.537 1 P 0
L 2.338 0.537 2.30301 0.537 1 P 0
L 2.30301 0.537 2.29135 0.54866 1 P 0
L 2.29135 0.54866 2.29135 0.56033 1 P 0
L 2.29135 0.56033 2.30301 0.57199 1 P 0
L 2.30301 0.57199 2.338 0.57199 1 P 0
L 2.338 0.57199 2.30301 0.57199 1 P 0
L 2.30301 0.57199 2.29135 0.58365 1 P 0
L 2.29135 0.58365 2.29135 0.59531 1 P 0
L 2.29135 0.59531 2.30301 0.60698 1 P 0
L 2.30301 0.60698 2.338 0.60698 1 P 0
L 2.26802 0.60698 2.26802 0.59531 1 P 0
L 2.26802 0.59531 2.2447 0.57199 1 P 0
L 2.2447 0.57199 2.22137 0.59531 1 P 0
L 2.22137 0.59531 2.22137 0.60698 1 P 0
L 2.2447 0.57199 2.2447 0.537 1 P 0
L 2.12807 0.537 2.12807 0.58365 1 P 0
L 2.12807 0.58365 2.10474 0.60698 1 P 0
L 2.10474 0.60698 2.08142 0.58365 1 P 0
L 2.08142 0.58365 2.08142 0.537 1 P 0
L 2.08142 0.537 2.08142 0.57199 1 P 0
L 2.08142 0.57199 2.12807 0.57199 1 P 0
L 2.05809 0.537 2.05809 0.60698 1 P 0
L 2.05809 0.60698 2.01144 0.537 1 P 0
L 2.01144 0.537 2.01144 0.60698 1 P 0
L 1.98811 0.60698 1.94146 0.60698 1 P 0
L 1.94146 0.60698 1.96479 0.60698 1 P 0
L 1.96479 0.60698 1.96479 0.537 1 P 0
L 1.91814 0.60698 1.91814 0.537 1 P 0
L 1.91814 0.537 1.91814 0.57199 1 P 0
L 1.91814 0.57199 1.87148 0.57199 1 P 0
L 1.87148 0.57199 1.87148 0.60698 1 P 0
L 1.87148 0.60698 1.87148 0.537 1 P 0
L 1.81317 0.60698 1.8365 0.60698 1 P 0
L 1.8365 0.60698 1.84816 0.59531 1 P 0
L 1.84816 0.59531 1.84816 0.54866 1 P 0
L 1.84816 0.54866 1.8365 0.537 1 P 0
L 1.8365 0.537 1.81317 0.537 1 P 0
L 1.81317 0.537 1.80151 0.54866 1 P 0
L 1.80151 0.54866 1.80151 0.59531 1 P 0
L 1.80151 0.59531 1.81317 0.60698 1 P 0
L 1.77818 0.537 1.77818 0.60698 1 P 0
L 1.77818 0.60698 1.73153 0.537 1 P 0
L 1.73153 0.537 1.73153 0.60698 1 P 0
L 1.7082 0.60698 1.7082 0.59531 1 P 0
L 1.7082 0.59531 1.68488 0.57199 1 P 0
L 1.68488 0.57199 1.66155 0.59531 1 P 0
L 1.66155 0.59531 1.66155 0.60698 1 P 0
L 1.68488 0.57199 1.68488 0.537 1 P 0
L 1.56825 0.60698 1.56825 0.537 1 P 0
L 1.56825 0.537 1.56825 0.56033 1 P 0
L 1.56825 0.56033 1.5216 0.60698 1 P 0
L 1.5216 0.60698 1.55659 0.57199 1 P 0
L 1.55659 0.57199 1.5216 0.537 1 P 0
L 1.49827 0.60698 1.47494 0.60698 1 P 0
L 1.47494 0.60698 1.48661 0.60698 1 P 0
L 1.48661 0.60698 1.48661 0.537 1 P 0
L 1.48661 0.537 1.49827 0.537 1 P 0
L 1.49827 0.537 1.47494 0.537 1 P 0
L 1.43996 0.537 1.43996 0.60698 1 P 0
L 1.43996 0.60698 1.40497 0.60698 1 P 0
L 1.40497 0.60698 1.3933 0.59531 1 P 0
L 1.3933 0.59531 1.3933 0.57199 1 P 0
L 1.3933 0.57199 1.40497 0.56033 1 P 0
L 1.40497 0.56033 1.43996 0.56033 1 P 0
L 1.41663 0.56033 1.3933 0.537 1 P 0
L 1.36998 0.537 1.36998 0.58365 1 P 0
L 1.36998 0.58365 1.34665 0.60698 1 P 0
L 1.34665 0.60698 1.32333 0.58365 1 P 0
L 1.32333 0.58365 1.32333 0.537 1 P 0
L 1.32333 0.537 1.32333 0.57199 1 P 0
L 1.32333 0.57199 1.36998 0.57199 1 P 0
L 1.3 0.537 1.3 0.60698 1 P 0
L 1.3 0.60698 1.25335 0.537 1 P 0
L 1.25335 0.537 1.25335 0.60698 1 P 0
L 1.18337 0.59531 1.19504 0.60698 1 P 0
L 1.19504 0.60698 1.21836 0.60698 1 P 0
L 1.21836 0.60698 1.23002 0.59531 1 P 0
L 1.23002 0.59531 1.23002 0.54866 1 P 0
L 1.23002 0.54866 1.21836 0.537 1 P 0
L 1.21836 0.537 1.19504 0.537 1 P 0
L 1.19504 0.537 1.18337 0.54866 1 P 0
L 1.18337 0.54866 1.18337 0.57199 1 P 0
L 1.18337 0.57199 1.2067 0.57199 1 P 0
L 1.16005 0.537 1.16005 0.58365 1 P 0
L 1.16005 0.58365 1.13672 0.60698 1 P 0
L 1.13672 0.60698 1.1134 0.58365 1 P 0
L 1.1134 0.58365 1.1134 0.537 1 P 0
L 1.1134 0.537 1.1134 0.57199 1 P 0
L 1.1134 0.57199 1.16005 0.57199 1 P 0
L 1.02009 0.537 1.02009 0.60698 1 P 0
L 1.02009 0.60698 0.97344 0.537 1 P 0
L 0.97344 0.537 0.97344 0.60698 1 P 0
L 0.95012 0.60698 0.95012 0.537 1 P 0
L 0.95012 0.537 0.91513 0.537 1 P 0
L 0.91513 0.537 0.90346 0.54866 1 P 0
L 0.90346 0.54866 0.90346 0.59531 1 P 0
L 0.90346 0.59531 0.91513 0.60698 1 P 0
L 0.91513 0.60698 0.95012 0.60698 1 P 0
L 0.88014 0.60698 0.85681 0.60698 1 P 0
L 0.85681 0.60698 0.86848 0.60698 1 P 0
L 0.86848 0.60698 0.86848 0.537 1 P 0
L 0.86848 0.537 0.88014 0.537 1 P 0
L 0.88014 0.537 0.85681 0.537 1 P 0
L 0.82182 0.537 0.82182 0.60698 1 P 0
L 0.82182 0.60698 0.78683 0.60698 1 P 0
L 0.78683 0.60698 0.77517 0.59531 1 P 0
L 0.77517 0.59531 0.77517 0.57199 1 P 0
L 0.77517 0.57199 0.78683 0.56033 1 P 0
L 0.78683 0.56033 0.82182 0.56033 1 P 0
L 0.7985 0.56033 0.77517 0.537 1 P 0
L 0.75185 0.60698 0.72852 0.60698 1 P 0
L 0.72852 0.60698 0.74018 0.60698 1 P 0
L 0.74018 0.60698 0.74018 0.537 1 P 0
L 0.74018 0.537 0.75185 0.537 1 P 0
L 0.75185 0.537 0.72852 0.537 1 P 0
L 0.69353 0.60698 0.64688 0.60698 1 P 0
L 0.64688 0.60698 0.6702 0.60698 1 P 0
L 0.6702 0.60698 0.6702 0.537 1 P 0
L 0.62355 0.60698 0.62355 0.54866 1 P 0
L 0.62355 0.54866 0.61189 0.537 1 P 0
L 0.61189 0.537 0.58856 0.537 1 P 0
L 0.58856 0.537 0.5769 0.54866 1 P 0
L 0.5769 0.54866 0.5769 0.60698 1 P 0
L 0.3 0 2.7 0 2 P 0
L 0.3 0 0.3 0.1 2 P 0
L 0.3 0.1 2.7 0.1 2 P 0
L 2.7 0 2.7 0.1 2 P 0
L 0.3 0.9 2.7 0.9 2 P 0
L 0.3 0.9 0.3 1 2 P 0
L 0.3 1 2.7 1 2 P 0
L 2.7 0.9 2.7 1 2 P 0
