#
#Feature symbol names
#
$0 r6
$1 rect56x14.61
$2 r9.84
$3 r7.87
$4 r5


#
#Feature attribute names
#


#
#Layer features
#
A 0.29783000 0.90571000 0.29783000 0.90571000 0.29291000 0.90571000 2 P 0 N
A 0.29783000 0.34587000 0.29783000 0.34587000 0.29291000 0.34587000 2 P 0 N
A 0.66189000 0.41992000 0.66189000 0.41992000 0.65697000 0.41992000 2 P 0 N
A 0.78992000 0.88500000 0.78992000 0.88500000 0.78500000 0.88500000 2 P 0 N
A 1.61358000 0.16142000 1.61358000 0.16142000 1.60866000 0.16142000 2 P 0 N
A 1.61358000 0.66142000 1.61358000 0.66142000 1.60866000 0.66142000 2 P 0 N
L 0.75 0.095 0.75 0.115 0 P 0
L 1.25 0.095 1.25 0.115 0 P 0
L 1.75 0.095 1.75 0.115 0 P 0
L 2.25 0.095 2.25 0.115 0 P 0
L 0.75 0.885 0.75 0.905 0 P 0
L 1.25 0.885 1.25 0.905 0 P 0
L 1.75 0.885 1.75 0.905 0 P 0
L 2.23 0.89 2.23 0.91 0 P 0
L 0.398 0.391 0.399 0.392 0 P 0
L 0.398 0.347 0.398 0.391 0 P 0
L 0.398 0.347 0.482 0.347 0 P 0
L 0.482 0.347 0.482 0.392 0 P 0
L 1.768 0.162 1.813 0.162 0 P 0
L 1.813 0.162 1.813 0.238 0 P 0
L 1.768 0.238 1.813 0.238 0 P 0
L 1.768 0.162 1.768 0.238 0 P 0
L 2.682 0.832 2.682 0.877 0 P 0
L 2.598 0.832 2.682 0.832 0 P 0
L 2.598 0.832 2.598 0.876 0 P 0
L 2.598 0.876 2.599 0.877 0 P 0
L 1.705 0.149 1.755 0.149 0 P 0
L 1.755 0.149 1.755 0.243 0 P 0
L 1.705 0.243 1.755 0.243 0 P 0
L 1.705 0.149 1.705 0.243 0 P 0
L 2.173 0.123 2.173 0.168 0 P 0
L 2.097 0.168 2.173 0.168 0 P 0
L 2.097 0.123 2.097 0.168 0 P 0
L 2.097 0.123 2.173 0.123 0 P 0
L 2.073 0.123 2.073 0.168 0 P 0
L 1.997 0.168 2.073 0.168 0 P 0
L 1.997 0.123 1.997 0.168 0 P 0
L 1.997 0.123 2.073 0.123 0 P 0
L 0.398 0.651 0.399 0.652 0 P 0
L 0.398 0.607 0.398 0.651 0 P 0
L 0.398 0.607 0.482 0.607 0 P 0
L 0.482 0.607 0.482 0.652 0 P 0
L 0.698 0.538 0.698 0.583 0 P 0
L 0.698 0.583 0.782 0.583 0 P 0
L 0.782 0.539 0.782 0.583 0 P 0
L 0.781 0.538 0.782 0.539 0 P 0
L 0.698 0.631 0.699 0.632 0 P 0
L 0.698 0.587 0.698 0.631 0 P 0
L 0.698 0.587 0.782 0.587 0 P 0
L 0.782 0.587 0.782 0.632 0 P 0
L 2.598 0.123 2.598 0.168 0 P 0
L 2.598 0.168 2.682 0.168 0 P 0
L 2.682 0.124 2.682 0.168 0 P 0
L 2.681 0.123 2.682 0.124 0 P 0
L 0.952 0.777 0.952 0.822 0 P 0
L 0.868 0.777 0.952 0.777 0 P 0
L 0.868 0.777 0.868 0.821 0 P 0
L 0.868 0.821 0.869 0.822 0 P 0
L 0.671 0.632 0.672 0.631 0 P 0
L 0.627 0.632 0.671 0.632 0 P 0
L 0.627 0.548 0.627 0.632 0 P 0
L 0.627 0.548 0.672 0.548 0 P 0
L 0.488 0.658 0.488 0.703 0 P 0
L 0.488 0.703 0.572 0.703 0 P 0
L 0.572 0.659 0.572 0.703 0 P 0
L 0.571 0.658 0.572 0.659 0 P 0
L 0.571 0.828 0.572 0.829 0 P 0
L 0.572 0.829 0.572 0.873 0 P 0
L 0.488 0.873 0.572 0.873 0 P 0
L 0.488 0.828 0.488 0.873 0 P 0
L 0.558 0.319 0.559 0.318 0 P 0
L 0.559 0.318 0.603 0.318 0 P 0
L 0.603 0.318 0.603 0.402 0 P 0
L 0.558 0.402 0.603 0.402 0 P 0
L 0.557 0.178 0.602 0.178 0 P 0
L 0.557 0.178 0.557 0.262 0 P 0
L 0.557 0.262 0.601 0.262 0 P 0
L 0.601 0.262 0.602 0.261 0 P 0
L 0.551 0.262 0.552 0.261 0 P 0
L 0.507 0.262 0.551 0.262 0 P 0
L 0.507 0.178 0.507 0.262 0 P 0
L 0.507 0.178 0.552 0.178 0 P 0
L 2.512 0.832 2.512 0.877 0 P 0
L 2.428 0.832 2.512 0.832 0 P 0
L 2.428 0.832 2.428 0.876 0 P 0
L 2.428 0.876 2.429 0.877 0 P 0
L 2.513 0.876 2.514 0.877 0 P 0
L 2.513 0.832 2.513 0.876 0 P 0
L 2.513 0.832 2.597 0.832 0 P 0
L 2.597 0.832 2.597 0.877 0 P 0
L 1.627 0.158 1.672 0.158 0 P 0
L 1.627 0.158 1.627 0.242 0 P 0
L 1.627 0.242 1.671 0.242 0 P 0
L 1.671 0.242 1.672 0.241 0 P 0
L 1.671 0.712 1.672 0.711 0 P 0
L 1.627 0.712 1.671 0.712 0 P 0
L 1.627 0.628 1.627 0.712 0 P 0
L 1.627 0.628 1.672 0.628 0 P 0
L 0.988 0.792 1.033 0.792 0 P 0
L 1.033 0.792 1.033 0.868 0 P 0
L 0.988 0.868 1.033 0.868 0 P 0
L 0.988 0.792 0.988 0.868 0 P 0
L 0.987 0.688 1.032 0.688 0 P 0
L 0.987 0.612 0.987 0.688 0 P 0
L 0.987 0.612 1.032 0.612 0 P 0
L 1.032 0.612 1.032 0.688 0 P 0
L 0.387 0.188 0.432 0.188 0 P 0
L 0.387 0.112 0.387 0.188 0 P 0
L 0.387 0.112 0.432 0.112 0 P 0
L 0.432 0.112 0.432 0.188 0 P 0
L 0.388 0.212 0.433 0.212 0 P 0
L 0.433 0.212 0.433 0.288 0 P 0
L 0.388 0.288 0.433 0.288 0 P 0
L 0.388 0.212 0.388 0.288 0 P 0
L 0.309 0.347 0.371 0.347 0 P 0
L 0.309 0.347 0.309 0.393 0 P 0
L 0.309 0.393 0.371 0.393 0 P 0
L 0.371 0.347 0.371 0.393 0 P 0
L 0.358 0.13621 0.358 0.1982 0 P 0
L 0.312 0.13621 0.358 0.13621 0 P 0
L 0.312 0.13621 0.312 0.1982 0 P 0
L 0.312 0.1982 0.358 0.1982 0 P 0
L 0.312 0.20179 0.312 0.26379 0 P 0
L 0.312 0.26379 0.358 0.26379 0 P 0
L 0.358 0.20179 0.358 0.26379 0 P 0
L 0.312 0.20179 0.358 0.20179 0 P 0
L 0.66798 0.532 0.74398 0.532 0 P 0
L 0.66798 0.487 0.74398 0.487 0 P 0
L 0.66798 0.487 0.66798 0.532 0 P 0
L 0.702 0.488 0.778 0.488 0 P 0
L 0.702 0.533 0.778 0.533 0 P 0
L 0.778 0.488 0.778 0.533 0 P 0
L 1.812 0.762 1.812 0.838 0 P 0
L 1.767 0.762 1.812 0.762 0 P 0
L 1.767 0.762 1.767 0.838 0 P 0
L 1.767 0.838 1.812 0.838 0 P 0
L 0.872 0.828 0.948 0.828 0 P 0
L 0.872 0.828 0.872 0.873 0 P 0
L 0.872 0.873 0.948 0.873 0 P 0
L 0.948 0.828 0.948 0.873 0 P 0
L 0.492 0.757 0.568 0.757 0 P 0
L 0.568 0.712 0.568 0.757 0 P 0
L 0.492 0.712 0.568 0.712 0 P 0
L 0.492 0.712 0.492 0.757 0 P 0
L 0.492 0.807 0.568 0.807 0 P 0
L 0.568 0.762 0.568 0.807 0 P 0
L 0.492 0.762 0.568 0.762 0 P 0
L 0.492 0.762 0.492 0.807 0 P 0
L 0.578 0.552 0.578 0.628 0 P 0
L 0.578 0.628 0.623 0.628 0 P 0
L 0.623 0.552 0.623 0.628 0 P 0
L 0.578 0.552 0.623 0.552 0 P 0
L 1.705 0.851 1.755 0.851 0 P 0
L 1.705 0.757 1.705 0.851 0 P 0
L 1.705 0.757 1.755 0.757 0 P 0
L 1.755 0.757 1.755 0.851 0 P 0
L 0.852 0.582 0.928 0.582 0 P 0
L 0.928 0.537 0.928 0.582 0 P 0
L 0.852 0.537 0.928 0.537 0 P 0
L 0.852 0.537 0.852 0.582 0 P 0
L 0.852 0.638 0.928 0.638 0 P 0
L 0.852 0.638 0.852 0.683 0 P 0
L 0.852 0.683 0.928 0.683 0 P 0
L 0.928 0.638 0.928 0.683 0 P 0
L 0.312 0.761 0.358 0.761 0 P 0
L 0.312 0.699 0.312 0.761 0 P 0
L 0.312 0.699 0.358 0.699 0 P 0
L 0.358 0.699 0.358 0.761 0 P 0
L 0.312 0.779 0.358 0.779 0 P 0
L 0.358 0.779 0.358 0.841 0 P 0
L 0.312 0.841 0.358 0.841 0 P 0
L 0.312 0.779 0.312 0.841 0 P 0
L 0.371 0.607 0.371 0.653 0 P 0
L 0.309 0.653 0.371 0.653 0 P 0
L 0.309 0.607 0.309 0.653 0 P 0
L 0.309 0.607 0.371 0.607 0 P 0
L 0.388 0.792 0.388 0.868 0 P 0
L 0.388 0.868 0.433 0.868 0 P 0
L 0.433 0.792 0.433 0.868 0 P 0
L 0.388 0.792 0.433 0.792 0 P 0
L 0.432 0.692 0.432 0.768 0 P 0
L 0.387 0.692 0.432 0.692 0 P 0
L 0.387 0.692 0.387 0.768 0 P 0
L 0.387 0.768 0.432 0.768 0 P 0
L 0.852 0.588 0.928 0.588 0 P 0
L 0.852 0.588 0.852 0.633 0 P 0
L 0.852 0.633 0.928 0.633 0 P 0
L 0.928 0.588 0.928 0.633 0 P 0
L 0.3325 0.41 0.3325 0.59 0 P 0
L 0.3325 0.41 0.4175 0.41 0 P 0
L 0.4175 0.41 0.4175 0.59 0 P 0
L 0.3325 0.59 0.4175 0.59 0 P 0
L 1.335 0.4575 1.335 0.5425 0 P 0
L 1.335 0.5425 1.465 0.5425 0 P 0
L 1.465 0.4575 1.465 0.5425 0 P 0
L 1.335 0.4575 1.465 0.4575 0 P 0
L 1.932 0.862 2.008 0.862 0 P 0
L 2.008 0.817 2.008 0.862 0 P 0
L 1.932 0.817 2.008 0.817 0 P 0
L 1.932 0.817 1.932 0.862 0 P 0
L 1.932 0.812 2.008 0.812 0 P 0
L 2.008 0.767 2.008 0.812 0 P 0
L 1.932 0.767 2.008 0.767 0 P 0
L 1.932 0.767 1.932 0.812 0 P 0
L 1.628 0.252 1.628 0.328 0 P 0
L 1.628 0.328 1.673 0.328 0 P 0
L 1.673 0.252 1.673 0.328 0 P 0
L 1.628 0.252 1.673 0.252 0 P 0
L 1.89798 0.54 1.97398 0.54 0 P 0
L 1.89798 0.495 1.97398 0.495 0 P 0
L 1.89798 0.495 1.89798 0.54 0 P 0
L 1.89798 0.47 1.97398 0.47 0 P 0
L 1.89798 0.425 1.97398 0.425 0 P 0
L 1.89798 0.425 1.89798 0.47 0 P 0
L 1.932 0.496 2.008 0.496 0 P 0
L 1.932 0.541 2.008 0.541 0 P 0
L 2.008 0.496 2.008 0.541 0 P 0
L 1.932 0.426 2.008 0.426 0 P 0
L 1.932 0.471 2.008 0.471 0 P 0
L 2.008 0.426 2.008 0.471 0 P 0
L 1.706 0.266 1.706 0.30599 0 P 0
L 1.706 0.30599 1.72599 0.30599 0 P 0
L 1.72599 0.30599 1.73266 0.29932 0 P 0
L 1.73266 0.29932 1.73266 0.28599 0 P 0
L 1.73266 0.28599 1.72599 0.27933 0 P 0
L 1.72599 0.27933 1.706 0.27933 0 P 0
L 1.76598 0.30599 1.75265 0.30599 0 P 0
L 1.75265 0.30599 1.74599 0.29932 0 P 0
L 1.74599 0.29932 1.74599 0.27266 0 P 0
L 1.74599 0.27266 1.75265 0.266 0 P 0
L 1.75265 0.266 1.76598 0.266 0 P 0
L 1.76598 0.266 1.77264 0.27266 0 P 0
L 1.77264 0.27266 1.77264 0.29932 0 P 0
L 1.77264 0.29932 1.76598 0.30599 0 P 0
L 1.78597 0.30599 1.78597 0.266 0 P 0
L 1.78597 0.266 1.7993 0.27933 0 P 0
L 1.7993 0.27933 1.81263 0.266 0 P 0
L 1.81263 0.266 1.81263 0.30599 0 P 0
L 1.85262 0.30599 1.82596 0.30599 0 P 0
L 1.82596 0.30599 1.82596 0.266 0 P 0
L 1.82596 0.266 1.85262 0.266 0 P 0
L 1.82596 0.28599 1.83929 0.28599 0 P 0
L 1.86595 0.266 1.86595 0.30599 0 P 0
L 1.86595 0.30599 1.88594 0.30599 0 P 0
L 1.88594 0.30599 1.89261 0.29932 0 P 0
L 1.89261 0.29932 1.89261 0.28599 0 P 0
L 1.89261 0.28599 1.88594 0.27933 0 P 0
L 1.88594 0.27933 1.86595 0.27933 0 P 0
L 1.87928 0.27933 1.89261 0.266 0 P 0
L 1.706 0.73599 1.706 0.70266 0 P 0
L 1.706 0.70266 1.71266 0.696 0 P 0
L 1.71266 0.696 1.72599 0.696 0 P 0
L 1.72599 0.696 1.73266 0.70266 0 P 0
L 1.73266 0.70266 1.73266 0.73599 0 P 0
L 1.77264 0.72932 1.76598 0.73599 0 P 0
L 1.76598 0.73599 1.75265 0.73599 0 P 0
L 1.75265 0.73599 1.74599 0.72932 0 P 0
L 1.74599 0.72932 1.74599 0.72266 0 P 0
L 1.74599 0.72266 1.75265 0.71599 0 P 0
L 1.75265 0.71599 1.76598 0.71599 0 P 0
L 1.76598 0.71599 1.77264 0.70933 0 P 0
L 1.77264 0.70933 1.77264 0.70266 0 P 0
L 1.77264 0.70266 1.76598 0.696 0 P 0
L 1.76598 0.696 1.75265 0.696 0 P 0
L 1.75265 0.696 1.74599 0.70266 0 P 0
L 1.81263 0.73599 1.78597 0.73599 0 P 0
L 1.78597 0.73599 1.78597 0.696 0 P 0
L 1.78597 0.696 1.81263 0.696 0 P 0
L 1.78597 0.71599 1.7993 0.71599 0 P 0
L 1.82596 0.696 1.82596 0.73599 0 P 0
L 1.82596 0.73599 1.84596 0.73599 0 P 0
L 1.84596 0.73599 1.85262 0.72932 0 P 0
L 1.85262 0.72932 1.85262 0.71599 0 P 0
L 1.85262 0.71599 1.84596 0.70933 0 P 0
L 1.84596 0.70933 1.82596 0.70933 0 P 0
L 1.83929 0.70933 1.85262 0.696 0 P 0
L 1.24672 0.60599 1.24672 0.566 0 P 0
L 1.24672 0.566 1.26671 0.566 0 P 0
L 1.26671 0.566 1.27337 0.57266 0 P 0
L 1.27337 0.57266 1.27337 0.57933 0 P 0
L 1.27337 0.57933 1.26671 0.58599 0 P 0
L 1.26671 0.58599 1.24672 0.58599 0 P 0
L 1.24672 0.58599 1.26671 0.58599 0 P 0
L 1.26671 0.58599 1.27337 0.59266 0 P 0
L 1.27337 0.59266 1.27337 0.59932 0 P 0
L 1.27337 0.59932 1.26671 0.60599 0 P 0
L 1.26671 0.60599 1.24672 0.60599 0 P 0
L 1.3067 0.60599 1.29337 0.60599 0 P 0
L 1.29337 0.60599 1.2867 0.59932 0 P 0
L 1.2867 0.59932 1.2867 0.57266 0 P 0
L 1.2867 0.57266 1.29337 0.566 0 P 0
L 1.29337 0.566 1.3067 0.566 0 P 0
L 1.3067 0.566 1.31336 0.57266 0 P 0
L 1.31336 0.57266 1.31336 0.59932 0 P 0
L 1.31336 0.59932 1.3067 0.60599 0 P 0
L 1.34668 0.60599 1.33335 0.60599 0 P 0
L 1.33335 0.60599 1.32669 0.59932 0 P 0
L 1.32669 0.59932 1.32669 0.57266 0 P 0
L 1.32669 0.57266 1.33335 0.566 0 P 0
L 1.33335 0.566 1.34668 0.566 0 P 0
L 1.34668 0.566 1.35335 0.57266 0 P 0
L 1.35335 0.57266 1.35335 0.59932 0 P 0
L 1.35335 0.59932 1.34668 0.60599 0 P 0
L 1.36668 0.60599 1.39333 0.60599 0 P 0
L 1.39333 0.60599 1.38001 0.60599 0 P 0
L 1.38001 0.60599 1.38001 0.566 0 P 0
L 1.40666 0.566 1.43332 0.59266 0 P 0
L 1.44665 0.60599 1.44665 0.57266 0 P 0
L 1.44665 0.57266 1.45332 0.566 0 P 0
L 1.45332 0.566 1.46665 0.566 0 P 0
L 1.46665 0.566 1.47331 0.57266 0 P 0
L 1.47331 0.57266 1.47331 0.60599 0 P 0
L 1.5133 0.59932 1.50663 0.60599 0 P 0
L 1.50663 0.60599 1.4933 0.60599 0 P 0
L 1.4933 0.60599 1.48664 0.59932 0 P 0
L 1.48664 0.59932 1.48664 0.59266 0 P 0
L 1.48664 0.59266 1.4933 0.58599 0 P 0
L 1.4933 0.58599 1.50663 0.58599 0 P 0
L 1.50663 0.58599 1.5133 0.57933 0 P 0
L 1.5133 0.57933 1.5133 0.57266 0 P 0
L 1.5133 0.57266 1.50663 0.566 0 P 0
L 1.50663 0.566 1.4933 0.566 0 P 0
L 1.4933 0.566 1.48664 0.57266 0 P 0
L 1.52663 0.566 1.52663 0.60599 0 P 0
L 1.52663 0.60599 1.54662 0.60599 0 P 0
L 1.54662 0.60599 1.55328 0.59932 0 P 0
L 1.55328 0.59932 1.55328 0.58599 0 P 0
L 1.55328 0.58599 1.54662 0.57933 0 P 0
L 1.54662 0.57933 1.52663 0.57933 0 P 0
L 1.53996 0.57933 1.55328 0.566 0 P 0
L 1.3067 0.386 1.3067 0.42599 0 P 0
L 1.3067 0.42599 1.32669 0.42599 0 P 0
L 1.32669 0.42599 1.33335 0.41932 0 P 0
L 1.33335 0.41932 1.33335 0.40599 0 P 0
L 1.33335 0.40599 1.32669 0.39933 0 P 0
L 1.32669 0.39933 1.3067 0.39933 0 P 0
L 1.32003 0.39933 1.33335 0.386 0 P 0
L 1.37334 0.42599 1.34668 0.42599 0 P 0
L 1.34668 0.42599 1.34668 0.386 0 P 0
L 1.34668 0.386 1.37334 0.386 0 P 0
L 1.34668 0.40599 1.36001 0.40599 0 P 0
L 1.41333 0.41932 1.40666 0.42599 0 P 0
L 1.40666 0.42599 1.39333 0.42599 0 P 0
L 1.39333 0.42599 1.38667 0.41932 0 P 0
L 1.38667 0.41932 1.38667 0.41266 0 P 0
L 1.38667 0.41266 1.39333 0.40599 0 P 0
L 1.39333 0.40599 1.40666 0.40599 0 P 0
L 1.40666 0.40599 1.41333 0.39933 0 P 0
L 1.41333 0.39933 1.41333 0.39266 0 P 0
L 1.41333 0.39266 1.40666 0.386 0 P 0
L 1.40666 0.386 1.39333 0.386 0 P 0
L 1.39333 0.386 1.38667 0.39266 0 P 0
L 1.45332 0.42599 1.42666 0.42599 0 P 0
L 1.42666 0.42599 1.42666 0.386 0 P 0
L 1.42666 0.386 1.45332 0.386 0 P 0
L 1.42666 0.40599 1.43999 0.40599 0 P 0
L 1.46665 0.42599 1.4933 0.42599 0 P 0
L 1.4933 0.42599 1.47997 0.42599 0 P 0
L 1.47997 0.42599 1.47997 0.386 0 P 0
L 1.206 0.476 1.206 0.515989 0 P 0
L 1.206 0.515989 1.22599 0.515989 0 P 0
L 1.22599 0.515989 1.23266 0.50932 0 P 0
L 1.23266 0.50932 1.23266 0.49599 0 P 0
L 1.23266 0.49599 1.22599 0.48933 0 P 0
L 1.22599 0.48933 1.206 0.48933 0 P 0
L 1.21933 0.48933 1.23266 0.476 0 P 0
L 1.27264 0.515989 1.24599 0.515989 0 P 0
L 1.24599 0.515989 1.24599 0.476 0 P 0
L 1.24599 0.476 1.27264 0.476 0 P 0
L 1.24599 0.49599 1.25932 0.49599 0 P 0
L 1.31263 0.50932 1.30597 0.515989 0 P 0
L 1.30597 0.515989 1.29264 0.515989 0 P 0
L 1.29264 0.515989 1.28597 0.50932 0 P 0
L 1.28597 0.50932 1.28597 0.48266 0 P 0
L 1.28597 0.48266 1.29264 0.476 0 P 0
L 1.29264 0.476 1.30597 0.476 0 P 0
L 1.30597 0.476 1.31263 0.48266 0 P 0
L 1.31263 0.48266 1.31263 0.49599 0 P 0
L 1.31263 0.49599 1.2993 0.49599 0 P 0
L 1.486 0.50932 1.49267 0.515989 0 P 0
L 1.49267 0.515989 1.50599 0.515989 0 P 0
L 1.50599 0.515989 1.51266 0.50932 0 P 0
L 1.51266 0.50932 1.51266 0.50266 0 P 0
L 1.51266 0.50266 1.50599 0.49599 0 P 0
L 1.50599 0.49599 1.49933 0.49599 0 P 0
L 1.49933 0.49599 1.50599 0.49599 0 P 0
L 1.50599 0.49599 1.51266 0.48933 0 P 0
L 1.51266 0.48933 1.51266 0.48266 0 P 0
L 1.51266 0.48266 1.50599 0.476 0 P 0
L 1.50599 0.476 1.49267 0.476 0 P 0
L 1.49267 0.476 1.486 0.48266 0 P 0
L 1.52599 0.515989 1.52599 0.48933 0 P 0
L 1.52599 0.48933 1.53932 0.476 0 P 0
L 1.53932 0.476 1.55264 0.48933 0 P 0
L 1.55264 0.48933 1.55264 0.515989 0 P 0
L 1.56597 0.50932 1.57264 0.515989 0 P 0
L 1.57264 0.515989 1.58597 0.515989 0 P 0
L 1.58597 0.515989 1.59263 0.50932 0 P 0
L 1.59263 0.50932 1.59263 0.50266 0 P 0
L 1.59263 0.50266 1.58597 0.49599 0 P 0
L 1.58597 0.49599 1.5793 0.49599 0 P 0
L 1.5793 0.49599 1.58597 0.49599 0 P 0
L 1.58597 0.49599 1.59263 0.48933 0 P 0
L 1.59263 0.48933 1.59263 0.48266 0 P 0
L 1.59263 0.48266 1.58597 0.476 0 P 0
L 1.58597 0.476 1.57264 0.476 0 P 0
L 1.57264 0.476 1.56597 0.48266 0 P 0
L 0.436 0.57599 0.436 0.54266 0 P 0
L 0.436 0.54266 0.44266 0.536 0 P 0
L 0.44266 0.536 0.45599 0.536 0 P 0
L 0.45599 0.536 0.46266 0.54266 0 P 0
L 0.46266 0.54266 0.46266 0.57599 0 P 0
L 0.50265 0.56932 0.49598 0.57599 0 P 0
L 0.49598 0.57599 0.48265 0.57599 0 P 0
L 0.48265 0.57599 0.47599 0.56932 0 P 0
L 0.47599 0.56932 0.47599 0.56266 0 P 0
L 0.47599 0.56266 0.48265 0.55599 0 P 0
L 0.48265 0.55599 0.49598 0.55599 0 P 0
L 0.49598 0.55599 0.50265 0.54933 0 P 0
L 0.50265 0.54933 0.50265 0.54266 0 P 0
L 0.50265 0.54266 0.49598 0.536 0 P 0
L 0.49598 0.536 0.48265 0.536 0 P 0
L 0.48265 0.536 0.47599 0.54266 0 P 0
L 0.51597 0.57599 0.51597 0.536 0 P 0
L 0.51597 0.536 0.53597 0.536 0 P 0
L 0.53597 0.536 0.54263 0.54266 0 P 0
L 0.54263 0.54266 0.54263 0.54933 0 P 0
L 0.54263 0.54933 0.53597 0.55599 0 P 0
L 0.53597 0.55599 0.51597 0.55599 0 P 0
L 0.51597 0.55599 0.53597 0.55599 0 P 0
L 0.53597 0.55599 0.54263 0.56266 0 P 0
L 0.54263 0.56266 0.54263 0.56932 0 P 0
L 0.54263 0.56932 0.53597 0.57599 0 P 0
L 0.53597 0.57599 0.51597 0.57599 0 P 0
L 0.55596 0.536 0.56929 0.536 0 P 0
L 0.56929 0.536 0.56263 0.536 0 P 0
L 0.56263 0.536 0.56263 0.57599 0 P 0
L 0.56263 0.57599 0.55596 0.56932 0 P 0
L 0.436 0.45599 0.436 0.42266 0 P 0
L 0.436 0.42266 0.44266 0.416 0 P 0
L 0.44266 0.416 0.45599 0.416 0 P 0
L 0.45599 0.416 0.46266 0.42266 0 P 0
L 0.46266 0.42266 0.46266 0.45599 0 P 0
L 0.50265 0.44932 0.49598 0.45599 0 P 0
L 0.49598 0.45599 0.48265 0.45599 0 P 0
L 0.48265 0.45599 0.47599 0.44932 0 P 0
L 0.47599 0.44932 0.47599 0.44266 0 P 0
L 0.47599 0.44266 0.48265 0.43599 0 P 0
L 0.48265 0.43599 0.49598 0.43599 0 P 0
L 0.49598 0.43599 0.50265 0.42933 0 P 0
L 0.50265 0.42933 0.50265 0.42266 0 P 0
L 0.50265 0.42266 0.49598 0.416 0 P 0
L 0.49598 0.416 0.48265 0.416 0 P 0
L 0.48265 0.416 0.47599 0.42266 0 P 0
L 0.51597 0.45599 0.51597 0.416 0 P 0
L 0.51597 0.416 0.53597 0.416 0 P 0
L 0.53597 0.416 0.54263 0.42266 0 P 0
L 0.54263 0.42266 0.54263 0.42933 0 P 0
L 0.54263 0.42933 0.53597 0.43599 0 P 0
L 0.53597 0.43599 0.51597 0.43599 0 P 0
L 0.51597 0.43599 0.53597 0.43599 0 P 0
L 0.53597 0.43599 0.54263 0.44266 0 P 0
L 0.54263 0.44266 0.54263 0.44932 0 P 0
L 0.54263 0.44932 0.53597 0.45599 0 P 0
L 0.53597 0.45599 0.51597 0.45599 0 P 0
L 0.58262 0.416 0.55596 0.416 0 P 0
L 0.55596 0.416 0.58262 0.44266 0 P 0
L 0.58262 0.44266 0.58262 0.44932 0 P 0
L 0.58262 0.44932 0.57595 0.45599 0 P 0
L 0.57595 0.45599 0.56263 0.45599 0 P 0
L 0.56263 0.45599 0.55596 0.44932 0 P 0
L 0.436 0.49599 0.46266 0.49599 0 P 0
L 0.44933 0.50932 0.44933 0.48266 0 P 0
L 0.50265 0.515989 0.47599 0.515989 0 P 0
L 0.47599 0.515989 0.47599 0.49599 0 P 0
L 0.47599 0.49599 0.48932 0.50266 0 P 0
L 0.48932 0.50266 0.49598 0.50266 0 P 0
L 0.49598 0.50266 0.50265 0.49599 0 P 0
L 0.50265 0.49599 0.50265 0.48266 0 P 0
L 0.50265 0.48266 0.49598 0.476 0 P 0
L 0.49598 0.476 0.48265 0.476 0 P 0
L 0.48265 0.476 0.47599 0.48266 0 P 0
L 0.51597 0.515989 0.51597 0.48933 0 P 0
L 0.51597 0.48933 0.5293 0.476 0 P 0
L 0.5293 0.476 0.54263 0.48933 0 P 0
L 0.54263 0.48933 0.54263 0.515989 0 P 0
L 0.026 0.56599 0.026 0.53266 0 P 0
L 0.026 0.53266 0.03266 0.526 0 P 0
L 0.03266 0.526 0.04599 0.526 0 P 0
L 0.04599 0.526 0.05266 0.53266 0 P 0
L 0.05266 0.53266 0.05266 0.56599 0 P 0
L 0.06599 0.526 0.06599 0.55266 0 P 0
L 0.06599 0.55266 0.07932 0.56599 0 P 0
L 0.07932 0.56599 0.09264 0.55266 0 P 0
L 0.09264 0.55266 0.09264 0.526 0 P 0
L 0.09264 0.526 0.09264 0.54599 0 P 0
L 0.09264 0.54599 0.06599 0.54599 0 P 0
L 0.10597 0.526 0.10597 0.56599 0 P 0
L 0.10597 0.56599 0.12597 0.56599 0 P 0
L 0.12597 0.56599 0.13263 0.55932 0 P 0
L 0.13263 0.55932 0.13263 0.54599 0 P 0
L 0.13263 0.54599 0.12597 0.53933 0 P 0
L 0.12597 0.53933 0.10597 0.53933 0 P 0
L 0.1193 0.53933 0.13263 0.526 0 P 0
L 0.14596 0.56599 0.17262 0.56599 0 P 0
L 0.17262 0.56599 0.15929 0.56599 0 P 0
L 0.15929 0.56599 0.15929 0.526 0 P 0
L 0.05266 0.47599 0.026 0.47599 0 P 0
L 0.026 0.47599 0.026 0.436 0 P 0
L 0.026 0.436 0.05266 0.436 0 P 0
L 0.026 0.45599 0.03933 0.45599 0 P 0
L 0.09264 0.46932 0.08598 0.47599 0 P 0
L 0.08598 0.47599 0.07265 0.47599 0 P 0
L 0.07265 0.47599 0.06599 0.46932 0 P 0
L 0.06599 0.46932 0.06599 0.46266 0 P 0
L 0.06599 0.46266 0.07265 0.45599 0 P 0
L 0.07265 0.45599 0.08598 0.45599 0 P 0
L 0.08598 0.45599 0.09264 0.44933 0 P 0
L 0.09264 0.44933 0.09264 0.44266 0 P 0
L 0.09264 0.44266 0.08598 0.436 0 P 0
L 0.08598 0.436 0.07265 0.436 0 P 0
L 0.07265 0.436 0.06599 0.44266 0 P 0
L 0.10597 0.436 0.10597 0.47599 0 P 0
L 0.10597 0.47599 0.12597 0.47599 0 P 0
L 0.12597 0.47599 0.13263 0.46932 0 P 0
L 0.13263 0.46932 0.13263 0.45599 0 P 0
L 0.13263 0.45599 0.12597 0.44933 0 P 0
L 0.12597 0.44933 0.10597 0.44933 0 P 0
L 2.34266 0.16599 2.32933 0.16599 0 P 0
L 2.32933 0.16599 2.33599 0.16599 0 P 0
L 2.33599 0.16599 2.33599 0.13266 0 P 0
L 2.33599 0.13266 2.32933 0.126 0 P 0
L 2.32933 0.126 2.32266 0.126 0 P 0
L 2.32266 0.126 2.316 0.13266 0 P 0
L 2.38264 0.126 2.35599 0.126 0 P 0
L 2.35599 0.126 2.38264 0.15266 0 P 0
L 2.38264 0.15266 2.38264 0.15932 0 P 0
L 2.38264 0.15932 2.37598 0.16599 0 P 0
L 2.37598 0.16599 2.36265 0.16599 0 P 0
L 2.36265 0.16599 2.35599 0.15932 0 P 0
L 2.34266 0.87599 2.32933 0.87599 0 P 0
L 2.32933 0.87599 2.33599 0.87599 0 P 0
L 2.33599 0.87599 2.33599 0.84266 0 P 0
L 2.33599 0.84266 2.32933 0.836 0 P 0
L 2.32933 0.836 2.32266 0.836 0 P 0
L 2.32266 0.836 2.316 0.84266 0 P 0
L 2.35599 0.836 2.36932 0.836 0 P 0
L 2.36932 0.836 2.36265 0.836 0 P 0
L 2.36265 0.836 2.36265 0.87599 0 P 0
L 2.36265 0.87599 2.35599 0.86932 0 P 0
L 0.301 0.531 0.31433 0.531 0 P 0
L 0.31433 0.531 0.30766 0.531 0 P 0
L 0.30766 0.531 0.30766 0.57099 0 P 0
L 0.30766 0.57099 0.301 0.56432 0 P 0
L 0.12559 0.95984 0.1748 0.95984 3 P 0
L -0.007874 0.95984 0.00945 0.95984 3 P 0
L 0.12559 0.6 0.1748 0.6 3 P 0
L -0.007874 0.6 0.00945 0.6 3 P 0
L -0.007874 0.04016 0.00945 0.04016 3 P 0
L 0.12559 0.04016 0.1748 0.04016 3 P 0
L -0.007874 0.4 0.00945 0.4 3 P 0
L 0.12559 0.4 0.1748 0.4 3 P 0
L 1.12 0.75291 1.14559 0.75291 3 P 0
L 1.14559 0.75291 1.14559 0.78146 3 P 0
L 1.12 0.86709 1.14559 0.86709 3 P 0
L 1.14559 0.83854 1.14559 0.86709 3 P 0
L 1.12 0.61291 1.14559 0.61291 3 P 0
L 1.14559 0.61291 1.14559 0.64146 3 P 0
L 1.12 0.72709 1.14559 0.72709 3 P 0
L 1.14559 0.69854 1.14559 0.72709 3 P 0
L 0.70323 0.15811 0.85677 0.15811 3 P 0
L 0.70323 0.42189 0.85677 0.42189 3 P 0
L 0.85677 0.15811 0.85677 0.42189 3 P 0
L 0.70323 0.15811 0.70323 0.42189 3 P 0
L 0.76906 0.84874 0.78874 0.84874 3 P 0
L 0.78874 0.82906 0.78874 0.84874 3 P 0
L 0.63126 0.84874 0.65095 0.84874 3 P 0
L 0.63126 0.82906 0.63126 0.84874 3 P 0
L 0.76906 0.69126 0.78874 0.69126 3 P 0
L 0.78874 0.69126 0.78874 0.71095 3 P 0
L 0.63126 0.69126 0.65095 0.69126 3 P 0
L 0.63126 0.69126 0.63126 0.71095 3 P 0
L 1.28878 0.13189 1.51122 0.13189 3 P 0
L 1.28189 0.20177 1.28189 0.29823 3 P 0
L 1.28878 0.36811 1.51122 0.36811 3 P 0
L 1.51811 0.20177 1.51811 0.29823 3 P 0
L 1.28878 0.63189 1.51122 0.63189 3 P 0
L 1.28189 0.70177 1.28189 0.79823 3 P 0
L 1.28878 0.86811 1.51122 0.86811 3 P 0
L 1.51811 0.70177 1.51811 0.79823 3 P 0
L 2.69917 0.80315 2.70787 0.80315 4 P 0
L 2.0909 0.19685 2.0909 0.80315 4 P 0
L 2.69917 0.19685 2.70787 0.19685 4 P 0
P 1.73 0.1523 1 P 0 0
P 1.73 0.8477 1 P 0 0
