#
#Feature symbol names
#
$0 s64.9843
$1 r6.98425
$2 r24.9843
$3 r40.9843
$4 r7.01425
$5 r64.9843
$6 r10.9843
$7 s45.3554
$8 r45.3543
$9 oval92.6337x41.4567
$10 oval76.8937x41.4567
$11 r15.748


#
#Feature attribute names
#
@0 .bit
@1 .silver_neckfill


#
#Layer features
#
L 1.37343 0.87 1.4075 0.83593 1 P 0
L 1.23 0.87 1.37343 0.87 1 P 0
L 0.85328 0.9 0.91628 0.837 1 P 0
L 0.91628 0.837 1.023 0.837 1 P 0
L 1.023 0.837 1.05 0.81 1 P 0
L 1.21328 0.695 1.57172 0.695 1 P 0
L 1.09828 0.81 1.21328 0.695 1 P 0
L 1.05 0.81 1.09828 0.81 1 P 0
L 0.82258 0.90622 0.82313 0.90566 1 P 0
L 0.82774 0.90304 0.8314 0.90211 1 P 0
L 0.8314 0.90211 0.83279 0.90192 1 P 0
L 0.8464 0.9 0.85328 0.9 1 P 0
L 0.83279 0.90192 0.8464 0.9 1 P 0
L 0.80568 0.93 0.8086 0.92707 1 P 0
L 0.79856 0.93 0.80568 0.93 1 P 0
L 0.76987 0.951 0.79856 0.93 1 P 0
L 0.80861 0.92707 0.80947 0.92621 1 P 0
L 0.96 0.765 1.115 0.765 1 P 0
L 1.205 0.675 1.49 0.675 1 P 0
L 0.845 0.88 0.96 0.765 1 P 0
L 1.115 0.765 1.205 0.675 1 P 0
L 1.105 0.72 1.17 0.655 1 P 0
L 0.88 0.72 1.105 0.72 1 P 0
L 1.17 0.655 1.465 0.655 1 P 0
L 0.59 0.63286 0.59 0.65 1 P 0
L 0.74518 0.627 1.343 0.627 1 P 0
L 0.74118 0.623 0.74518 0.627 1 P 0
L 0.59986 0.623 0.74118 0.623 1 P 0
L 0.59 0.63286 0.59986 0.623 1 P 0
L 1.343 0.627 1.407 0.563 1 P 0
L 1.407 0.563 1.603 0.563 1 P 0
L 1.262 0.763 1.57118 0.763 1 P 0
L 1.08533 0.93967 1.262 0.763 1 P 0
L 1.06033 0.93967 1.08533 0.93967 1 P 0
L 1.59 0.765 1.632 0.723 1 P 0
L 1.57318 0.765 1.59 0.765 1 P 0
L 1.05 0.95 1.06033 0.93967 1 P 0
L 1.57118 0.763 1.57318 0.765 1 P 0
L 1.08125 0.89374 1.24 0.735 1 P 0
L 1.24 0.735 1.58828 0.735 1 P 0
L 1.57947 0.837 1.62586 0.79061 1 P 0
L 1.52983 0.85836 1.53225 0.85593 1 P 0
L 1.55922 0.85593 1.57815 0.837 1 P 0
L 1.41336 0.85836 1.52983 0.85836 1 P 0
L 1.62586 0.78596 1.64882 0.763 1 P 0
L 1.53225 0.85593 1.55922 0.85593 1 P 0
L 1.57815 0.837 1.57947 0.837 1 P 0
L 1.62586 0.78596 1.62586 0.79061 1 P 0
L 1.64882 0.763 1.772 0.763 1 P 0
L 1.60586 0.77767 1.64053 0.743 1 P 0
L 1.64053 0.743 1.76372 0.743 1 P 0
L 1.56986 0.817 1.57118 0.817 1 P 0
L 1.57118 0.817 1.60586 0.78233 1 P 0
L 1.4075 0.83593 1.55093 0.83593 1 P 0
L 1.55093 0.83593 1.56986 0.817 1 P 0
L 1.60586 0.77767 1.60586 0.78233 1 P 0
L 1.26768 0.93884 1.26768 0.93884 1 P 0
L 1.26764 0.9388 1.26768 0.93884 1 P 0
L 1.632 0.723 1.755 0.723 1 P 0
L 1.62028 0.703 1.74672 0.703 1 P 0
L 1.58828 0.735 1.62028 0.703 1 P 0
L 2.18 0.137 2.28726 0.137 1 P 0
L 2.38383 0.21164 2.38961 0.21164 1 P 0
L 2.38961 0.21164 2.39547 0.2175 1 P 0
L 2.34505 0.17505 2.38383 0.21164 1 P 0
L 2.325 0.15632 2.34505 0.17505 1 P 0
L 2.28945 0.13827 2.29693 0.1431 1 P 0
L 2.30511 0.14713 2.325 0.15632 1 P 0
L 2.29693 0.1431 2.3021 0.14568 1 P 0
L 2.39547 0.2175 2.39547 0.265 1 P 0
L 2.41547 0.20922 2.42854 0.22654 1 P 0
L 2.39211 0.19164 2.3979 0.19164 1 P 0
L 2.3979 0.19164 2.41547 0.20922 1 P 0
L 2.33148 0.13501 2.39211 0.19164 1 P 0
L 2.42854 0.22654 2.42854 0.325 1 P 0
L 2.29961 0.12103 2.30282 0.1231 1 P 0
L 2.2899 0.117 2.29403 0.11731 1 P 0
L 2.18872 0.117 2.2899 0.117 1 P 0
L 2.4624 0.19569 2.4624 0.265 1 P 0
L 2.40641 0.13969 2.4624 0.19569 1 P 0
L 2.30225 0.097 2.30263 0.09738 1 P 0
L 2.37603 0.11369 2.40641 0.13969 1 P 0
L 2.3708 0.11369 2.37603 0.11369 1 P 0
L 2.197 0.097 2.29823 0.097 1 P 0
L 2.29823 0.097 2.30225 0.097 1 P 0
L 2.42 0.125 2.42293 0.127929 1 P 0
L 2.38001 0.09076 2.42 0.125 1 P 0
L 2.25 0.05 2.29803 0.05 1 P 0
L 2.29803 0.05 2.30096 0.05293 1 P 0
L 2.3734 0.09076 2.37593 0.09076 1 P 0
L 2.30096 0.05293 2.3033 0.05527 1 P 0
L 2.42293 0.127929 2.49547 0.20047 1 P 0
L 2.37593 0.09076 2.38001 0.09076 1 P 0
L 1.92105 0.12046 1.92188 0.12062 1 P 0
L 2.0119 0.13131 2.09447 0.14789 1 P 0
L 1.92188 0.12062 1.98123 0.12162 1 P 0
L 1.9976 0.12176 2.0119 0.13131 1 P 0
L 1.98123 0.12162 1.99392 0.12162 1 P 0
L 1.99392 0.12162 1.9976 0.12176 1 P 0
L 1.79712 0.09712 1.92105 0.12046 1 P 0
L 2.14524 0.197 2.26058 0.197 1 P 0
L 2.08273 0.173 2.12365 0.18228 1 P 0
L 2.03483 0.16634 2.06572 0.173 1 P 0
L 2.06572 0.173 2.08272 0.173 1 P 0
L 2.1407 0.19246 2.14524 0.197 1 P 0
L 2.00668 0.15217 2.007 0.15236 1 P 0
L 2.12749 0.18397 2.1407 0.19246 1 P 0
L 2.007 0.15236 2.03483 0.16634 1 P 0
L 1.98933 0.14177 2.00668 0.15217 1 P 0
L 2.12365 0.18228 2.12749 0.18397 1 P 0
L 2.13695 0.217 2.245 0.217 1 P 0
L 2.13241 0.21246 2.13695 0.217 1 P 0
L 2.04333 0.193 2.07443 0.193 1 P 0
L 2.07443 0.193 2.11751 0.20228 1 P 0
L 2.11751 0.20228 2.13241 0.21246 1 P 0
L 2.04121 0.19194 2.04333 0.193 1 P 0
L 1.98089 0.16162 2.04121 0.19194 1 P 0
L 1.85318 0.15946 1.98089 0.16162 1 P 0
L 2.245 0.217 2.26161 0.23361 1 P 0
L 1.79494 0.09494 1.79712 0.09712 1 P 0
L 1.75 0.05 1.79494 0.09494 1 P 0
L 1.75 0.05 1.75 0.05 1 P 0
L 1.98106 0.14162 1.98563 0.14162 1 P 0
L 1.80087 0.12319 1.85623 0.13951 1 P 0
L 1.77393 0.11525 1.80087 0.12319 1 P 0
L 1.98563 0.14162 1.98931 0.14176 1 P 0
L 1.85623 0.13951 1.98106 0.14162 1 P 0
L 1.65 0.05 1.71 0.11 1 P 0
L 1.74487 0.11 1.77257 0.1139 1 P 0
L 1.77257 0.1139 1.77393 0.11525 1 P 0
L 1.71 0.11 1.74487 0.11 1 P 0
L 1.73658 0.13 1.76339 0.133 1 P 0
L 1.76339 0.133 1.85318 0.15946 1 P 0
L 1.67767 0.13 1.73658 0.13 1 P 0
L 1.65313 0.125569 1.67767 0.13 1 P 0
L 1.62684 0.09928 1.65091 0.12336 1 P 0
L 1.65091 0.12336 1.65313 0.125569 1 P 0
L 1.55946 0.05946 1.58701 0.05946 1 P 0
L 1.62684 0.09928 1.62684 0.09928 1 P 0
L 1.58701 0.05946 1.62684 0.09928 1 P 0
L 1.55 0.05 1.55946 0.05946 1 P 0
L 1.73897 0.153 1.7551 0.153 1 P 0
L 1.7551 0.153 1.8569 0.18162 1 P 0
L 1.8569 0.18162 1.97 0.18162 1 P 0
L 1.7283 0.15 1.73897 0.153 1 P 0
L 1.64818 0.15 1.7283 0.15 1 P 0
L 1.63118 0.167 1.64818 0.15 1 P 0
L 1.60882 0.167 1.63118 0.167 1 P 0
L 1.59458 0.15276 1.60882 0.167 1 P 0
L 1.70118 0.173 1.73318 0.205 1 P 0
L 1.73318 0.205 1.965 0.205 1 P 0
L 1.61853 0.205 1.64682 0.205 1 P 0
L 1.53699 0.12346 1.61853 0.205 1 P 0
L 1.67882 0.173 1.70118 0.173 1 P 0
L 1.64682 0.205 1.67882 0.173 1 P 0
L 1.53182 0.17485 1.60396 0.247 1 P 0
L 1.87775 0.247 1.87975 0.245 1 P 0
L 1.60396 0.247 1.87775 0.247 1 P 0
L 1.965 0.205 2.027 0.267 1 P 0
L 1.365 0.05 1.425 0.11 1 P 0
L 1.35 0.05 1.365 0.05 1 P 0
L 1.425 0.11 1.50979 0.11 1 P 0
L 1.50979 0.11 1.53699 0.12346 1 P 0
L 1.27485 0.17485 1.53182 0.17485 1 P 0
L 1.15 0.05 1.27485 0.17485 1 P 0
L 1.25 0.05 1.30117 0.10117 1 P 0
L 1.35485 0.15485 1.45509 0.15485 1 P 0
L 1.30117 0.10117 1.30117 0.10117 1 P 0
L 1.30117 0.10117 1.35485 0.15485 1 P 0
L 1.45509 0.15485 1.45509 0.15485 1 P 0
L 1.45509 0.15485 1.5401 0.15485 1 P 0
L 1.105 0.105 1.2 0.2 1 P 0
L 1.587 0.267 1.77396 0.267 1 P 0
L 1.2 0.2 1.52 0.2 1 P 0
L 1.52 0.2 1.587 0.267 1 P 0
L 1.515 0.225 1.577 0.287 1 P 0
L 1.125 0.225 1.515 0.225 1 P 0
L 0.95 0.05 1.125 0.225 1 P 0
L 1.577 0.287 1.76568 0.287 1 P 0
L 1.61225 0.227 1.86947 0.227 1 P 0
L 1.54303 0.15778 1.61225 0.227 1 P 0
L 1.86947 0.227 1.87147 0.225 1 P 0
L 1.105 0.105 1.105 0.105 1 P 0
L 1.05 0.05 1.105 0.105 1 P 0
L 0.85 0.05 1.045 0.245 1 P 0
L 1.5 0.245 1.562 0.307 1 P 0
L 1.562 0.307 1.7574 0.307 1 P 0
L 1.045 0.245 1.5 0.245 1 P 0
L 1.712 0.347 1.745 0.38 1 P 0
L 1.468 0.298 1.517 0.347 1 P 0
L 0.978 0.298 1.468 0.298 1 P 0
L 1.517 0.347 1.712 0.347 1 P 0
L 1.745 0.38 1.77 0.38 1 P 0
L 1.537 0.327 1.74911 0.327 1 P 0
L 1.48 0.27 1.537 0.327 1 P 0
L 0.857 0.097 1.03 0.27 1 P 0
L 1.03 0.27 1.48 0.27 1 P 0
L 0.815 0.135 0.978 0.298 1 P 0
L 0.597 0.097 0.857 0.097 1 P 0
L 0.58318 0.135 0.815 0.135 1 P 0
L 0.45 0.05 0.533 0.133 1 P 0
L 0.58118 0.133 0.58318 0.135 1 P 0
L 0.533 0.133 0.58118 0.133 1 P 0
L 1.947 0.643 1.96 0.63 1 P 0
L 1.78972 0.66 1.89182 0.66 1 P 0
L 1.90882 0.643 1.947 0.643 1 P 0
L 1.89182 0.66 1.90882 0.643 1 P 0
L 0.96 0.95 1.01503 0.89497 1 P 0
L 1.01503 0.89497 1.08003 0.89497 1 P 0
L 0.95 0.95 0.96 0.95 1 P 0
L 0.983 0.897 1.017 0.863 1 P 0
L 1.08372 0.863 1.23172 0.715 1 P 0
L 1.017 0.863 1.08372 0.863 1 P 0
L 0.903 0.897 0.983 0.897 1 P 0
L 0.85 0.95 0.903 0.897 1 P 0
L 0.85 0.95 0.85 0.95 1 P 0
L 1.23172 0.715 1.58 0.715 1 P 0
L 1.08003 0.89497 1.08125 0.89374 1 P 0
L 1.49 0.675 1.51 0.655 1 P 0
L 0.77403 0.89 0.83 0.88211 1 P 0
L 0.75 0.89 0.77403 0.89 1 P 0
L 0.83 0.88211 0.845 0.88 1 P 0
L 1.60333 0.56333 1.60333 0.56333 1 P 0
L 1.603 0.563 1.60333 0.56333 1 P 0
L 1.60333 0.56333 1.65 0.61 1 P 0
L 0.75 0.95 0.75778 0.951 1 P 0
L 0.75778 0.951 0.76987 0.951 1 P 0
L 0.59 0.82 0.65447 0.88447 1 P 0
L 0.59 0.65 0.59 0.82 1 P 0
L 0.65447 0.88447 0.65447 0.94553 1 P 0
L 1.61128 0.543 1.63919 0.57091 1 P 0
L 1.49 0.53 1.503 0.543 1 P 0
L 1.503 0.543 1.61128 0.543 1 P 0
L 1.63919 0.57091 1.84091 0.57091 1 P 0
L 1.84091 0.57091 1.871 0.601 1 P 0
L 1.871 0.601 2.037 0.601 1 P 0
L 2.037 0.601 2.27004 0.36796 1 P 0
L 2.40622 0.368 2.49798 0.368 1 P 0
L 2.40618 0.36796 2.40622 0.368 1 P 0
L 2.27004 0.36796 2.40618 0.36796 1 P 0
L 2.49798 0.368 2.5898 0.27618 1 P 0
L 2.5898 0.1898 2.5898 0.27618 1 P 0
L 2.45 0.05 2.5898 0.1898 1 P 0
L 0.65 0.95 0.65447 0.94553 1 P 0
L 1.49882 0.583 1.56214 0.583 1 P 0
L 1.56214 0.583 1.58 0.60086 1 P 0
L 1.58 0.60086 1.58 0.61 1 P 0
L 1.483 0.59882 1.49882 0.583 1 P 0
L 1.483 0.59882 1.483 0.637 1 P 0
L 1.465 0.655 1.483 0.637 1 P 0
L 1.51 0.61 1.51 0.655 1 P 0
L 1.58 0.715 1.612 0.683 1 P 0
L 1.57172 0.695 1.60372 0.663 1 P 0
L 1.667 0.663 1.72 0.61 1 P 0
L 1.60372 0.663 1.667 0.663 1 P 0
L 1.612 0.683 1.737 0.683 1 P 0
L 1.737 0.683 1.79 0.63 1 P 0
L 1.798 0.68 1.90714 0.68 1 P 0
L 1.76372 0.743 1.79672 0.71 1 P 0
L 1.79672 0.71 1.88 0.71 1 P 0
L 1.74672 0.703 1.78972 0.66 1 P 0
L 1.91714 0.67 1.92 0.67 1 P 0
L 1.755 0.723 1.798 0.68 1 P 0
L 1.90714 0.68 1.91714 0.67 1 P 0
L 1.15 0.95 1.23 0.87 1 P 0
L 1.28065 0.91935 1.28065 0.91935 1 P 0
L 1.28065 0.91935 1.305 0.895 1 P 0
L 1.305 0.895 1.37672 0.895 1 P 0
L 1.37672 0.895 1.41336 0.85836 1 P 0
L 1.26764 0.93236 1.26764 0.9388 1 P 0
L 1.26764 0.93236 1.28065 0.91935 1 P 0
L 1.26475 0.94177 1.26768 0.93884 1 P 0
L 1.25823 0.94177 1.26475 0.94177 1 P 0
L 1.25 0.95 1.25823 0.94177 1 P 0
L 1.772 0.763 1.792 0.743 1 P 0
L 1.792 0.743 1.937 0.743 1 P 0
L 1.937 0.743 1.95 0.73 1 P 0
L 2.125 0.715 2.16721 0.67279 1 P 0
L 2.16721 0.66382 2.16721 0.67279 1 P 0
L 2.18303 0.648 2.40618 0.648 1 P 0
L 2.08147 0.715 2.125 0.715 1 P 0
L 2.16721 0.66382 2.18303 0.648 1 P 0
L 2.06947 0.703 2.08147 0.715 1 P 0
L 2.03053 0.703 2.06947 0.703 1 P 0
L 2.003 0.73053 2.03053 0.703 1 P 0
L 2.07318 0.735 2.16035 0.735 1 P 0
L 2.06118 0.723 2.07318 0.735 1 P 0
L 1.89372 0.763 1.99714 0.763 1 P 0
L 2.003 0.73053 2.003 0.75714 1 P 0
L 1.99714 0.763 2.003 0.75714 1 P 0
L 2.023 0.73882 2.023 0.772 1 P 0
L 2.012 0.783 2.023 0.772 1 P 0
L 2.03882 0.723 2.06118 0.723 1 P 0
L 2.023 0.73882 2.03882 0.723 1 P 0
L 1.902 0.783 2.012 0.783 1 P 0
L 1.85436 0.80236 1.89372 0.763 1 P 0
L 1.67286 0.80236 1.85436 0.80236 1 P 0
L 1.66 0.79 1.6605 0.79 1 P 0
L 1.6605 0.79 1.67286 0.80236 1 P 0
L 1.86264 0.82236 1.902 0.783 1 P 0
L 1.69279 0.82236 1.86264 0.82236 1 P 0
L 1.91215 0.803 2.03215 0.803 1 P 0
L 1.70107 0.84236 1.87279 0.84236 1 P 0
L 2.03215 0.803 2.04071 0.79444 1 P 0
L 1.87279 0.84236 1.91215 0.803 1 P 0
L 1.92043 0.823 2.04043 0.823 1 P 0
L 2.04043 0.823 2.04899 0.81444 1 P 0
L 1.70936 0.86236 1.88107 0.86236 1 P 0
L 1.88107 0.86236 1.92043 0.823 1 P 0
L 1.75 0.95 1.797 0.903 1 P 0
L 1.797 0.903 1.89872 0.903 1 P 0
L 1.93872 0.863 2.057 0.863 1 P 0
L 2.057 0.863 2.05993 0.86007 1 P 0
L 1.89872 0.903 1.93872 0.863 1 P 0
L 2.05993 0.86007 2.06322 0.85678 1 P 0
L 1.92872 0.843 2.04872 0.843 1 P 0
L 1.71764 0.88236 1.88936 0.88236 1 P 0
L 1.88936 0.88236 1.92872 0.843 1 P 0
L 1.947 0.883 2.07156 0.883 1 P 0
L 2.07156 0.883 2.08239 0.87218 1 P 0
L 1.85823 0.94177 1.88823 0.94177 1 P 0
L 1.85 0.95 1.85823 0.94177 1 P 0
L 1.88823 0.94177 1.947 0.883 1 P 0
L 2.40618 0.648 2.43318 0.675 1 P 0
L 2.43318 0.675 2.46193 0.675 1 P 0
L 1.42164 0.87836 1.56507 0.87836 1 P 0
L 1.35 0.95 1.42164 0.87836 1 P 0
L 1.58043 0.863 1.65215 0.863 1 P 0
L 1.56507 0.87836 1.58043 0.863 1 P 0
L 1.65215 0.863 1.69279 0.82236 1 P 0
L 1.91398 0.34216 1.96716 0.34216 1 P 0
L 1.96716 0.34216 2.005 0.38 1 P 0
L 1.87882 0.307 1.91398 0.34216 1 P 0
L 1.96475 0.38 1.97732 0.39258 1 P 0
L 1.97732 0.39258 1.97732 0.40732 1 P 0
L 1.92353 0.38 1.96475 0.38 1 P 0
L 1.97732 0.40732 1.98 0.41 1 P 0
L 0.55 0.05 0.597 0.097 1 P 0
L 1.74911 0.327 1.76911 0.347 1 P 0
L 1.807 0.347 1.84 0.38 1 P 0
L 1.76911 0.347 1.807 0.347 1 P 0
L 1.7774 0.327 1.87053 0.327 1 P 0
L 1.7574 0.307 1.7774 0.327 1 P 0
L 1.87053 0.327 1.92353 0.38 1 P 0
L 1.78568 0.307 1.87882 0.307 1 P 0
L 1.76568 0.287 1.78568 0.307 1 P 0
L 1.79396 0.287 1.86604 0.287 1 P 0
L 1.88566 0.27566 1.91 0.3 1 P 0
L 1.87738 0.27566 1.88566 0.27566 1 P 0
L 1.86604 0.287 1.87738 0.27566 1 P 0
L 1.77396 0.267 1.79396 0.287 1 P 0
L 1.87975 0.245 1.94843 0.245 1 P 0
L 1.97732 0.27389 1.97732 0.29732 1 P 0
L 1.97732 0.29732 1.98 0.3 1 P 0
L 1.94843 0.245 1.97732 0.27389 1 P 0
L 1.87147 0.225 1.95672 0.225 1 P 0
L 1.95672 0.225 2.01872 0.287 1 P 0
L 2.1369 0.117 2.13832 0.117 1 P 0
L 2.12418 0.1133 2.1369 0.117 1 P 0
L 2.13832 0.117 2.16 0.117 1 P 0
L 2.04267 0.09642 2.09599 0.10477 1 P 0
L 2.09599 0.10477 2.12331 0.11305 1 P 0
L 1.5401 0.15485 1.54303 0.15778 1 P 0
L 2.15414 0.287 2.16 0.29286 1 P 0
L 2.01872 0.287 2.15414 0.287 1 P 0
L 2.16 0.29286 2.16 0.32417 1 P 0
L 2.16 0.32417 2.16083 0.325 1 P 0
L 2.19268 0.267 2.19468 0.265 1 P 0
L 2.027 0.267 2.19268 0.267 1 P 0
L 1.85 0.05 1.85823 0.05823 1 P 0
L 1.88823 0.05823 1.93 0.1 1 P 0
L 2.00528 0.1 2.00803 0.10223 1 P 0
L 2.00803 0.10223 2.01333 0.10652 1 P 0
L 1.85823 0.05823 1.88823 0.05823 1 P 0
L 1.93 0.1 2.00528 0.1 1 P 0
L 1.48639 0.07611 1.5647 0.11485 1 P 0
L 1.56821 0.11866 1.59458 0.15276 1 P 0
L 1.5647 0.11485 1.56609 0.11624 1 P 0
L 1.56609 0.11624 1.56821 0.11866 1 P 0
L 2.03538 0.247 2.12536 0.247 1 P 0
L 1.97 0.18162 2.03538 0.247 1 P 0
L 2.12536 0.247 2.13536 0.237 1 P 0
L 2.13536 0.237 2.2219 0.237 1 P 0
L 2.2219 0.237 2.22776 0.24286 1 P 0
L 2.22776 0.24286 2.22776 0.325 1 P 0
L 2.09769 0.14858 2.09787 0.14863 1 P 0
L 2.09787 0.14863 2.12316 0.15504 1 P 0
L 2.09447 0.14789 2.09769 0.14858 1 P 0
L 2.12513 0.157 2.14463 0.15993 1 P 0
L 2.12316 0.15504 2.12512 0.157 1 P 0
L 2.14464 0.15993 2.14479 0.16008 1 P 0
L 2.14479 0.16008 2.16172 0.177 1 P 0
L 2.22776 0.325 2.23 0.32276 1 P 0
L 2.26161 0.23361 2.26161 0.265 1 P 0
L 2.0332 0.11519 2.09854 0.12831 1 P 0
L 2.15 0.137 2.17 0.157 1 P 0
L 2.09854 0.12831 2.10224 0.129099 1 P 0
L 2.10224 0.129099 2.13341 0.137 1 P 0
L 2.01333 0.10652 2.01954 0.10968 1 P 0
L 2.13341 0.137 2.15 0.137 1 P 0
L 2.02715 0.11298 2.03317 0.11518 1 P 0
L 2.16 0.117 2.16293 0.11993 1 P 0
L 2.16293 0.11993 2.18 0.137 1 P 0
L 1.9855 0.05823 2.02042 0.08652 1 P 0
L 2.16172 0.177 2.26886 0.177 1 P 0
L 1.95823 0.05823 1.9855 0.05823 1 P 0
L 1.95 0.05 1.95823 0.05823 1 P 0
L 2.17 0.157 2.27715 0.157 1 P 0
L 2.07873 0.06873 2.11619 0.08858 1 P 0
L 2.06 0.05 2.07873 0.06873 1 P 0
L 2.1162 0.08858 2.11622 0.0886 1 P 0
L 2.05 0.05 2.06 0.05 1 P 0
L 2.15 0.097 2.16872 0.097 1 P 0
L 2.16872 0.097 2.17013 0.09841 1 P 0
L 2.17013 0.09841 2.18872 0.117 1 P 0
L 2.29468 0.23111 2.29468 0.325 1 P 0
L 2.26058 0.197 2.29468 0.23111 1 P 0
L 2.32854 0.23668 2.32854 0.265 1 P 0
L 2.26886 0.177 2.32854 0.23668 1 P 0
L 2.35414 0.23164 2.36 0.2375 1 P 0
L 2.35179 0.23164 2.35414 0.23164 1 P 0
L 2.27715 0.157 2.35179 0.23164 1 P 0
L 2.36 0.2375 2.36 0.32339 1 P 0
L 2.36 0.32339 2.36161 0.325 1 P 0
L 2.15 0.05 2.197 0.097 1 P 0
L 2.49547 0.20047 2.49547 0.325 1 P 0
L 2.04071 0.79444 2.06117 0.79444 1 P 0
L 2.19421 0.675 2.19421 0.75714 1 P 0
L 2.18835 0.763 2.19128 0.76007 1 P 0
L 2.13729 0.763 2.18835 0.763 1 P 0
L 2.11365 0.78664 2.13729 0.763 1 P 0
L 2.10469 0.78803 2.11365 0.78664 1 P 0
L 2.06117 0.79444 2.10469 0.78803 1 P 0
L 2.19128 0.76007 2.19421 0.75714 1 P 0
L 2.08872 0.903 2.10224 0.88947 1 P 0
L 2.11818 0.88714 2.16127 0.88045 1 P 0
L 2.16127 0.88045 2.16358 0.87814 1 P 0
L 2.10224 0.88947 2.11818 0.88714 1 P 0
L 2.16358 0.87814 2.17871 0.863 1 P 0
L 2.22728 0.735 2.22728 0.77714 1 P 0
L 2.22143 0.783 2.22435 0.78007 1 P 0
L 2.14558 0.783 2.22143 0.783 1 P 0
L 2.12317 0.8054 2.14558 0.783 1 P 0
L 2.22435 0.78007 2.22728 0.77714 1 P 0
L 2.10767 0.80781 2.12317 0.8054 1 P 0
L 2.06263 0.81444 2.10767 0.80781 1 P 0
L 2.04899 0.81444 2.06263 0.81444 1 P 0
L 2.04872 0.843 2.05728 0.83444 1 P 0
L 2.05728 0.83444 2.0641 0.83444 1 P 0
L 2.0641 0.83444 2.11066 0.82759 1 P 0
L 2.26114 0.675 2.26114 0.79714 1 P 0
L 2.25528 0.803 2.25821 0.80007 1 P 0
L 2.15386 0.803 2.25528 0.803 1 P 0
L 2.1327 0.82416 2.15386 0.803 1 P 0
L 2.11066 0.82759 2.1327 0.82416 1 P 0
L 2.25821 0.80007 2.26114 0.79714 1 P 0
L 2.29128 0.81002 2.29421 0.80709 1 P 0
L 2.06556 0.85444 2.06884 0.85396 1 P 0
L 2.11366 0.84736 2.14222 0.84293 1 P 0
L 2.06884 0.85396 2.11366 0.84736 1 P 0
L 2.14222 0.84293 2.16215 0.823 1 P 0
L 2.27831 0.823 2.29128 0.81002 1 P 0
L 2.16215 0.823 2.27831 0.823 1 P 0
L 2.06322 0.85678 2.06556 0.85444 1 P 0
L 2.29421 0.735 2.29421 0.80709 1 P 0
L 2.08239 0.87218 2.11664 0.86714 1 P 0
L 2.11664 0.86714 2.15175 0.86168 1 P 0
L 2.17043 0.843 2.28659 0.843 1 P 0
L 2.15175 0.86168 2.17043 0.843 1 P 0
L 2.28952 0.84007 2.32807 0.80152 1 P 0
L 2.28659 0.843 2.28952 0.84007 1 P 0
L 1.997 0.903 2.08872 0.903 1 P 0
L 1.99407 0.90593 1.997 0.903 1 P 0
L 1.95 0.95 1.99407 0.90593 1 P 0
L 2.35821 0.80022 2.36114 0.79729 1 P 0
L 2.17871 0.863 2.29543 0.863 1 P 0
L 2.29543 0.863 2.35821 0.80022 1 P 0
L 2.36114 0.735 2.36114 0.79729 1 P 0
L 2.12756 0.90592 2.16757 0.89971 1 P 0
L 2.16757 0.89971 2.17079 0.89921 1 P 0
L 2.17079 0.89921 2.187 0.883 1 P 0
L 2.187 0.883 2.27775 0.883 1 P 0
L 2.11335 0.90884 2.11953 0.90745 1 P 0
L 2.27775 0.883 2.29487 0.88356 1 P 0
L 2.05 0.95 2.06033 0.93967 1 P 0
L 2.08033 0.93967 2.10848 0.91152 1 P 0
L 2.11053 0.90947 2.11335 0.90884 1 P 0
L 2.06033 0.93967 2.08033 0.93967 1 P 0
L 2.10848 0.91152 2.11053 0.90947 1 P 0
L 2.29487 0.88356 2.30316 0.88356 1 P 0
L 2.30316 0.88356 2.30609 0.88063 1 P 0
L 2.30609 0.88063 2.395 0.79172 1 P 0
L 2.15 0.95 2.197 0.903 1 P 0
L 2.197 0.903 2.26947 0.903 1 P 0
L 2.27002 0.90356 2.31144 0.90356 1 P 0
L 2.26947 0.903 2.27002 0.90356 1 P 0
L 2.31144 0.90356 2.42807 0.78693 1 P 0
L 2.395 0.675 2.395 0.79172 1 P 0
L 1.45 0.95 1.50164 0.89836 1 P 0
L 1.50164 0.89836 1.57336 0.89836 1 P 0
L 1.57336 0.89836 1.58872 0.883 1 P 0
L 1.58872 0.883 1.66043 0.883 1 P 0
L 1.66043 0.883 1.70107 0.84236 1 P 0
L 1.597 0.903 1.66872 0.903 1 P 0
L 1.55 0.95 1.597 0.903 1 P 0
L 1.66872 0.903 1.70936 0.86236 1 P 0
L 1.65 0.95 1.71764 0.88236 1 P 0
L 2.32807 0.675 2.32807 0.80152 1 P 0
L 2.42807 0.735 2.42807 0.78693 1 P 0
L 2.35 0.95 2.495 0.805 1 P 0
L 2.495 0.735 2.495 0.805 1 P 0
P 0.225 0.60984 10 P 0 0
P 0.225 0.95 10 P 0 0
P 0.225 0.39016 10 P 0 0
P 0.225 0.05 10 P 0 0
P 0.06752 0.60984 9 P 0 0
P 0.06752 0.95 9 P 0 0
P 0.06752 0.39016 9 P 0 0
P 0.06752 0.05 9 P 0 0
L 0.35408 0.83411 0.39051 0.83411 4 P 0
L 0.39051 0.83411 0.4576 0.76701 4 P 0
L 0.4576 0.76701 0.46701 0.76701 4 P 0
L 0.35989 0.82008 0.3847 0.82008 4 P 0
L 0.45179 0.75299 0.46701 0.75299 4 P 0
L 0.32798 0.80801 0.35408 0.83411 4 P 0
L 0.46701 0.76701 0.48 0.78 4 P 0
L 0.3847 0.82008 0.45179 0.75299 4 P 0
L 0.46701 0.75299 0.48 0.74 4 P 0
L 0.34201 0.78298 0.355 0.77 4 P 0
L 0.32798 0.78298 0.32798 0.80801 4 P 0
L 0.315 0.77 0.32798 0.78298 4 P 0
L 0.34201 0.78298 0.34201 0.8022 4 P 0
L 0.34201 0.8022 0.35989 0.82008 4 P 0
L 1.74352 0.41 1.919 0.41 4 P 0
L 1.74934 0.42403 1.91319 0.42403 4 P 0
L 1.919 0.41 1.98498 0.47598 4 P 0
L 1.73051 0.42301 1.74352 0.41 4 P 0
L 1.73632 0.43705 1.74934 0.42403 4 P 0
L 1.91319 0.42403 1.97917 0.49002 4 P 0
L 0.45 0.22 0.46299 0.20701 4 P 0
L 0.57538 0.20701 0.59336 0.18903 4 P 0
L 0.46299 0.20701 0.57538 0.20701 4 P 0
L 0.46299 0.19298 0.56956 0.19298 4 P 0
L 0.56956 0.19298 0.58755 0.175 4 P 0
L 0.59336 0.18903 0.665 0.18903 4 P 0
L 0.45 0.18 0.46299 0.19298 4 P 0
L 0.58755 0.175 0.67081 0.175 4 P 0
L 0.665 0.18903 0.92795 0.45199 4 P 0
L 0.67081 0.175 0.93377 0.43795 4 P 0
L 0.93377 0.43795 1.42666 0.43795 4 P 0
L 0.92795 0.45199 1.42085 0.45199 4 P 0
L 1.42085 0.45199 1.45888 0.49002 4 P 0
L 1.42666 0.43795 1.46469 0.47598 4 P 0
L 1.86248 0.47598 1.87247 0.466 4 P 0
L 1.46469 0.47598 1.86248 0.47598 4 P 0
L 1.87247 0.5 1.875 0.5 4 P 0
L 1.86248 0.49002 1.87247 0.5 4 P 0
L 1.87247 0.466 1.875 0.466 4 P 0
L 1.45888 0.49002 1.86248 0.49002 4 P 0
L 0.758 0.21 0.77597 0.22797 4 P 0
L 0.79 0.20858 0.79 0.23816 4 P 0
L 0.79 0.20858 0.79314 0.20543 4 P 0
L 0.77597 0.22797 0.77597 0.24397 4 P 0
L 0.77597 0.24397 0.90899 0.37699 4 P 0
L 0.79 0.23816 0.9148 0.36296 4 P 0
L 0.9148 0.36296 1.4858 0.36296 4 P 0
L 0.90899 0.37699 1.47998 0.37699 4 P 0
L 1.54005 0.43705 1.73632 0.43705 4 P 0
L 1.4858 0.36296 1.54586 0.42301 4 P 0
L 1.47998 0.37699 1.54005 0.43705 4 P 0
L 1.54586 0.42301 1.73051 0.42301 4 P 0
L 1.98498 0.47598 2.02147 0.47598 4 P 0
L 2.02147 0.49002 2.025 0.49355 4 P 0
L 1.97917 0.49002 2.02147 0.49002 4 P 0
L 2.025 0.448 2.025 0.47245 4 P 0
L 2.02147 0.47598 2.025 0.47245 4 P 0
L 2.025 0.49355 2.025 0.518 4 P 0
P 2.65 0.05 0 P 0 0
P 2.65 0.95 0 P 0 0
P 2.55 0.05 5 P 0 0
P 2.45 0.05 5 P 0 0
P 2.35 0.05 5 P 0 0
P 2.25 0.05 5 P 0 0
P 2.15 0.05 5 P 0 0
P 2.05 0.05 5 P 0 0
P 1.95 0.05 5 P 0 0
P 1.85 0.05 5 P 0 0
P 1.75 0.05 5 P 0 0
P 1.65 0.05 5 P 0 0
P 1.55 0.05 5 P 0 0
P 1.45 0.05 5 P 0 0
P 1.35 0.05 5 P 0 0
P 1.25 0.05 5 P 0 0
P 1.15 0.05 5 P 0 0
P 1.05 0.05 5 P 0 0
P 0.95 0.05 5 P 0 0
P 0.85 0.05 5 P 0 0
P 0.75 0.05 5 P 0 0
P 0.65 0.05 5 P 0 0
P 0.55 0.05 5 P 0 0
P 0.45 0.05 5 P 0 0
P 0.35 0.05 5 P 0 0
P 2.55 0.95 5 P 0 0
P 2.45 0.95 5 P 0 0
P 2.35 0.95 5 P 0 0
P 2.25 0.95 5 P 0 0
P 2.15 0.95 5 P 0 0
P 2.05 0.95 5 P 0 0
P 1.95 0.95 5 P 0 0
P 1.85 0.95 5 P 0 0
P 1.75 0.95 5 P 0 0
P 1.65 0.95 5 P 0 0
P 1.55 0.95 5 P 0 0
P 1.45 0.95 5 P 0 0
P 1.35 0.95 5 P 0 0
P 1.25 0.95 5 P 0 0
P 1.15 0.95 5 P 0 0
P 1.05 0.95 5 P 0 0
P 0.95 0.95 5 P 0 0
P 0.85 0.95 5 P 0 0
P 0.75 0.95 5 P 0 0
P 0.65 0.95 5 P 0 0
P 0.55 0.95 5 P 0 0
P 0.45 0.95 5 P 0 0
P 0.35 0.95 5 P 0 0
P 0.375 0.5 8 P 0 0
P 0.375 0.45 8 P 0 0
P 1.425 0.5 8 P 0 0
P 0.375 0.55 7 P 0 0
P 1.375 0.5 7 P 0 0
P 1.865 0.63 2 P 0 0
P 0.475 0.33 2 P 0 0
P 0.75 0.89 2 P 0 0
P 0.83 0.845 2 P 0 0
P 0.645 0.685 2 P 0 0
P 0.455 0.595 2 P 0 0
P 0.615 0.51 2 P 0 0
P 0.295 0.905 2 P 0 0
P 0.32 0.58 2 P 0 0
P 0.29 0.625 2 P 0 0
P 0.45 0.72018 2 P 0 0
P 0.45 0.81 2 P 0 0
P 0.365 0.86 2 P 0 0
P 0.37 0.74 2 P 0 0
P 0.315 0.77 2 P 0 0
P 0.355 0.77 2 P 0 0
P 0.48 0.74 2 P 0 0
P 0.48 0.78 2 P 0 0
P 1.84 0.515 2 P 0 0
P 1.84 0.45 2 P 0 0
P 0.45 0.22 2 P 0 0
P 0.45 0.18 2 P 0 0
P 1.875 0.466 2 P 0 0
P 1.875 0.5 2 P 0 0
P 2.06 0.45 2 P 0 0
P 2.06 0.515 2 P 0 0
P 0.81 0.175 2 P 0 0
P 0.745 0.18 2 P 0 0
P 0.79314 0.20543 2 P 0 0
P 0.758 0.21 2 P 0 0
P 2.025 0.448 2 P 0 0
P 2.025 0.518 2 P 0 0
P 0.32 0.42 2 P 0 0
P 0.29 0.39 2 P 0 0
P 0.45 0.26 2 P 0 0
P 0.45 0.14 2 P 0 0
P 0.37 0.24 2 P 0 0
P 0.37 0.16 2 P 0 0
P 0.3 0.095 2 P 0 0
P 0.49 0.16 2 P 0 0
P 0.53 0.16 2 P 0 0
P 0.57 0.16 2 P 0 0
P 0.51 0.29 2 P 0 0
P 0.55 0.29 2 P 0 0
P 0.59 0.29 2 P 0 0
P 1.175 0.475 2 P 0 0
P 1.125 0.475 2 P 0 0
P 1.075 0.475 2 P 0 0
P 1.025 0.475 2 P 0 0
P 0.975 0.475 2 P 0 0
P 0.975 0.4 2 P 0 0
P 1.025 0.4 2 P 0 0
P 1.075 0.4 2 P 0 0
P 1.125 0.4 2 P 0 0
P 1.175 0.4 2 P 0 0
P 1.175 0.325 2 P 0 0
P 1.125 0.325 2 P 0 0
P 1.075 0.325 2 P 0 0
P 1.025 0.325 2 P 0 0
P 0.975 0.325 2 P 0 0
P 1.24 0.4 2 P 0 0
P 1.49 0.53 2 P 0 0
P 1.65 0.61 2 P 0 0
P 0.735 0.755 2 P 0 0
P 0.685 0.755 2 P 0 0
P 0.73 0.79 2 P 0 0
P 0.685 0.79 2 P 0 0
P 0.7 0.89 2 P 0 0
P 0.48 0.85 2 P 0 0
P 0.47 0.68 2 P 0 0
P 0.65 0.54 2 P 0 0
P 0.79 0.49 2 P 0 0
P 0.79 0.54 2 P 0 0
P 0.79 0.59 2 P 0 0
P 0.73 0.65 2 P 0 0
P 0.95 0.55 2 P 0 0
P 0.95 0.6 2 P 0 0
P 1.58 0.61 2 P 0 0
P 1.51 0.61 2 P 0 0
P 0.88 0.72 2 P 0 0
P 0.97 0.87 2 P 0 0
P 0.97 0.81 2 P 0 0
P 1.32358 0.83858 2 P 0 0
P 1.56 0.79 2 P 0 0
P 1.615 0.635 2 P 0 0
P 1.72 0.61 2 P 0 0
P 1.88 0.71 2 P 0 0
P 1.79 0.63 2 P 0 0
P 1.96 0.63 2 P 0 0
P 1.92 0.67 2 P 0 0
P 1.95 0.73 2 P 0 0
P 1.66 0.79 2 P 0 0
P 1.77 0.38 2 P 0 0
P 2.005 0.38 2 P 0 0
P 1.98 0.41 2 P 0 0
P 1.84 0.38 2 P 0 0
P 1.91 0.3 2 P 0 0
P 1.98 0.3 2 P 0 0
P 1.56 0.4 2 P 0 0
P 1.62 0.14 2 P 0 0
P 1.69 0.2 2 P 0 0
P 2.05 0.22 2 P 0 0
P 2.645 0.18 2 P 0 0
P 2.54 0.89 2 P 0 0
P 2.5 0.89 2 P 0 0
P 2.46 0.89 2 P 0 0
P 2.595 0.82 2 P 0 0
P 2.428 0.468 2 P 0 0
P 2.362 0.468 2 P 0 0
P 2.428 0.532 2 P 0 0
P 2.362 0.532 2 P 0 0
P 2.50008 0.56492 2 P 0 0
P 2.50008 0.49996 2 P 0 0
P 2.50008 0.435 2 P 0 0
P 2.39508 0.60504 2 P 0 0
P 2.395 0.39496 2 P 0 0
P 2.29 0.43508 2 P 0 0
P 2.29 0.50004 2 P 0 0
P 2.29 0.565 2 P 0 0
P 2.59539 0.735 2 P 0 0
P 2.63004 0.73469 2 P 0 0
P 2.63004 0.70122 2 P 0 0
P 2.63004 0.66776 2 P 0 0
P 2.63004 0.63429 2 P 0 0
P 2.63004 0.60083 2 P 0 0
P 2.63004 0.56736 2 P 0 0
P 2.63004 0.5339 2 P 0 0
P 2.63004 0.50043 2 P 0 0
P 2.63004 0.46697 2 P 0 0
P 2.63004 0.4335 2 P 0 0
P 2.63004 0.40004 2 P 0 0
P 2.63004 0.36658 2 P 0 0
P 2.63004 0.33311 2 P 0 0
P 2.63004 0.29965 2 P 0 0
P 2.63004 0.26618 2 P 0 0
P 1.815 0.77 2 P 0 0
P 2.05 0.75 2 P 0 0
P 2.46193 0.675 2 P 0 0
P 2.56279 0.265 2 P 0 0
P 2.52933 0.265 2 P 0 0
P 2.16035 0.735 2 P 0 0
P 2.16083 0.325 2 P 0 0
P 2.4624 0.265 2 P 0 0
P 2.49547 0.325 2 P 0 0
P 2.39547 0.265 2 P 0 0
P 2.42854 0.325 2 P 0 0
P 2.32854 0.265 2 P 0 0
P 2.36161 0.325 2 P 0 0
P 2.26161 0.265 2 P 0 0
P 2.29468 0.325 2 P 0 0
P 2.19468 0.265 2 P 0 0
P 2.22776 0.325 2 P 0 0
P 2.22728 0.735 2 P 0 0
P 2.19421 0.675 2 P 0 0
P 2.29421 0.735 2 P 0 0
P 2.26114 0.675 2 P 0 0
P 2.36114 0.735 2 P 0 0
P 2.32807 0.675 2 P 0 0
P 2.395 0.675 2 P 0 0
P 2.42807 0.735 2 P 0 0
P 2.495 0.735 2 P 0 0
L 0.675 0.705 0.765 0.705 3 P 0
L 0.645 0.685 0.655 0.685 3 P 0
L 0.655 0.685 0.675 0.705 3 P 0
L 0.765 0.705 0.83 0.77 3 P 0
L 0.83 0.77 0.83 0.845 3 P 0
L 0.49 0.5 0.605 0.5 3 P 0
L 0.375 0.5 0.49 0.5 3 P 0
L 0.517 0.527 0.517 0.6264 3 P 0
L 0.49 0.5 0.517 0.527 3 P 0
L 0.55 0.6594 0.55 0.95 3 P 0
L 0.517 0.6264 0.55 0.6594 3 P 0
L 0.605 0.5 0.615 0.51 3 P 0
A 0.82313000 0.90566000 0.82774000 0.90304000 0.83019800 0.91273100 6 P 0 N
A 0.80947000 0.92621000 0.82258000 0.90622000 1.01665800 1.04779600 6 P 0 N
L 0.80861 0.92707 0.8086 0.92707 6 P 0
L 2.30511 0.14713 2.3021 0.14568 6 P 0
L 2.28945 0.13827 2.28726 0.137 6 P 0
A 2.33148000 0.13501000 2.30282000 0.12310000 2.35000000 0.05000000 6 P 0 N
A 2.29961000 0.12103000 2.29403000 0.11731000 2.31417200 0.09314100 6 P 0 N
A 2.37080000 0.11369000 2.30263000 0.09738000 2.35000100 0.05000000 6 P 0 N
A 2.37340000 0.09076000 2.30330000 0.05527000 2.35000100 0.05000000 6 P 0 N
L 2.08273 0.173 2.08272 0.173 6 P 0
L 1.98933 0.14177 1.98931 0.14176 6 P 0
L 2.12418 0.1133 2.12331 0.11305 6 P 0
L 2.04267 0.09642 2.04263 0.09642 6 P 0
A 2.04263000 0.09642000 2.02042000 0.08652000 2.05000800 0.05000300 6 P 0 N
A 1.48639000 0.07611000 1.45000000 0.05000000 1.54757700 -0.04758100 6 P 0 N
L 2.12512 0.157 2.12513 0.157 6 P 0
L 2.14463 0.15993 2.14464 0.15993 6 P 0
L 2.03317 0.11518 2.0332 0.11519 6 P 0
A 2.02714900 0.11298000 2.01954000 0.10968000 2.04994900 0.04997800 6 P 0 N
L 2.1162 0.08858 2.11619 0.08858 6 P 0
A 2.15000000 0.09700000 2.11622000 0.08860000 2.14999000 0.02491700 6 P 0 N
A 2.11953000 0.90745000 2.12756000 0.90592000 2.14629900 1.02610600 6 P 0 N
P 0.83279 0.90192 6 P 0 0
P 2.30096 0.05293 6 P 0 0
P 2.37593 0.09076 6 P 0 0
P 1.26768 0.93884 6 P 0 0
L 0 0 0 1 11 N 0
L 0 1 2.7 1 11 N 0
L 2.7 0 2.7 1 11 N 0
L 0 0 2.7 0 11 N 0
S P 0;1
OB 2.0784160000 0.9340970000 I
OS 2.0783460000 0.9340670000
OS 2.0782750000 0.9340970000
OS 2.0782460000 0.9341680000
OS 2.0782600000 0.9342190000
OS 2.0785630000 0.9347250000
OS 2.0791160000 0.9358950000
OS 2.0791360000 0.9359230000
OS 2.0792070000 0.9359530000
OS 2.0792770000 0.9359230000
OS 2.0806840000 0.9345160000
OS 2.0807140000 0.9344460000
OS 2.0806840000 0.9343750000
OS 2.0806140000 0.9343460000
OS 2.0805490000 0.9343690000
OS 2.0804950000 0.9344150000
OS 2.0804070000 0.9344780000
OS 2.0803600000 0.9345090000
OS 2.0802770000 0.9345570000
OS 2.0801840000 0.9346010000
OS 2.0800370000 0.9346570000
OS 2.0799360000 0.9346840000
OS 2.0798330000 0.9347040000
OS 2.0797250000 0.9347180000
OS 2.0796240000 0.9347230000
OS 2.0794750000 0.9347180000
OS 2.0793630000 0.9347020000
OS 2.0792690000 0.9346840000
OS 2.0791700000 0.9346550000
OS 2.0790170000 0.9345980000
OS 2.0789300000 0.9345550000
OS 2.0788340000 0.9344990000
OS 2.0788290000 0.9344980000
OS 2.0787470000 0.9344410000
OS 2.0786670000 0.9343760000
OS 2.0785900000 0.9343060000
OS 2.0785240000 0.9342350000
OS 2.0784590000 0.9341560000
OS 2.0784280000 0.9341110000
OS 2.0784160000 0.9340970000
OE
SE
